#time,accel_x,accel_y,accel_z
3725.313620,2528.115143,1554.432478,9622.677246
3725.313935,2145.067394,1332.370696,9474.636058
3725.314249,1608.800546,1110.308913,9326.594869
3725.314564,1838.629195,1110.308913,9326.594869
3725.314879,1378.971896,1036.288319,9474.636058
3725.315193,1225.752797,888.247130,9326.594869
3725.315508,1378.971896,1036.288319,9400.615463
3725.315823,766.095498,-0.000000,9326.594869
3725.316138,612.876398,-0.000000,9104.533087
3725.316452,766.095498,-592.164754,9252.574275
3725.316767,689.485948,-518.144159,9918.759623
3725.317082,383.047749,-592.164754,9696.697840
3725.317397,0.000000,-0.000000,9474.636058
3725.317711,0.000000,222.061783,9104.533087
3725.318026,0.000000,-0.000000,9030.512492
3725.318341,-76.609550,444.123565,8882.471304
3725.318655,-306.438199,370.102971,8290.306550
3725.318970,306.438199,370.102971,9252.574275
3725.319285,-153.219100,-74.020594,8808.450710
3725.319600,-229.828649,-0.000000,9252.574275
3725.319914,-306.438199,-370.102971,9622.677246
3725.320229,-383.047749,-666.185348,10066.800811
3725.320544,0.000000,-444.123565,10214.842000
3725.320859,-229.828649,-592.164754,10140.821405
3725.321173,-229.828649,-666.185348,10362.883188
3725.321488,-536.266849,-740.205942,9844.739029
3725.321803,-689.485948,-296.082377,9548.656652
3725.322117,-229.828649,-148.041188,9252.574275
3725.322432,76.609550,-222.061783,8956.491898
3725.322747,229.828649,-296.082377,9030.512492
3725.323062,306.438199,-518.144159,8956.491898
3725.323376,0.000000,-814.226536,9178.553681
3725.323691,76.609550,-962.267725,9696.697840
3725.324006,306.438199,-1110.308913,10288.862594
3725.324321,306.438199,-814.226536,11103.089130
3725.324635,0.000000,-814.226536,10066.800811
3725.324950,153.219100,-222.061783,9992.780217
3725.325265,0.000000,-0.000000,9918.759623
3725.325579,76.609550,444.123565,9104.533087
3725.325894,459.657299,370.102971,8882.471304
3725.326209,1072.533697,222.061783,8660.409521
3725.326524,919.314598,-148.041188,9326.594869
3725.326838,1072.533697,-148.041188,9030.512492
3725.327153,0.000000,-296.082377,9474.636058
3725.327468,0.000000,-148.041188,10288.862594
3725.327783,0.000000,-148.041188,10214.842000
3725.328097,229.828649,-0.000000,9844.739029
3725.328412,229.828649,296.082377,9252.574275
3725.328727,306.438199,444.123565,9030.512492
3725.329041,229.828649,814.226536,8586.388927
3725.329356,153.219100,666.185348,8068.244768
3725.329671,842.705048,740.205942,9252.574275
3725.329986,612.876398,518.144159,9030.512492
3725.330300,229.828649,444.123565,9548.656652
3725.330615,229.828649,592.164754,10066.800811
3725.330930,383.047749,296.082377,10066.800811
3725.331244,306.438199,666.185348,9992.780217
3725.331559,306.438199,814.226536,9548.656652
3725.331874,766.095498,1036.288319,9548.656652
3725.332189,689.485948,1406.391290,9030.512492
3725.332503,383.047749,1184.329507,9178.553681
3725.332818,689.485948,1110.308913,9400.615463
3725.333133,306.438199,814.226536,9622.677246
3725.333448,153.219100,370.102971,9992.780217
3725.333762,0.000000,148.041188,10066.800811
3725.334077,-229.828649,296.082377,10881.027347
3725.334392,0.000000,-0.000000,10584.944971
3725.334706,76.609550,666.185348,10214.842000
3725.335021,0.000000,740.205942,10732.986159
3725.335336,0.000000,888.247130,9918.759623
3725.335651,306.438199,962.267725,9474.636058
3725.335965,0.000000,444.123565,9474.636058
3725.336280,76.609550,592.164754,9696.697840
3725.336595,76.609550,518.144159,10362.883188
3725.336910,-229.828649,444.123565,10362.883188
3725.337224,0.000000,-370.102971,11103.089130
3725.337539,-459.657299,-222.061783,10881.027347
3725.337854,0.000000,-0.000000,10362.883188
3725.338168,-153.219100,-0.000000,10436.903782
3725.338483,0.000000,296.082377,10066.800811
3725.338798,153.219100,370.102971,9548.656652
3725.339113,153.219100,222.061783,8956.491898
3725.339427,459.657299,222.061783,9104.533087
3725.339742,306.438199,296.082377,9696.697840
3725.340057,0.000000,-0.000000,9548.656652
3725.340372,-153.219100,-0.000000,10140.821405
3725.340686,0.000000,-370.102971,9696.697840
3725.341001,0.000000,-0.000000,9696.697840
3725.341316,0.000000,-0.000000,9400.615463
3725.341630,0.000000,-74.020594,9326.594869
3725.341945,76.609550,-74.020594,9178.553681
3725.342260,306.438199,-0.000000,8512.368333
3725.342575,459.657299,-0.000000,8660.409521
3725.342889,459.657299,222.061783,8364.327145
3725.343204,306.438199,-222.061783,8660.409521
3725.343519,76.609550,-296.082377,8956.491898
3725.343834,-76.609550,-296.082377,9474.636058
3725.344148,76.609550,-592.164754,9474.636058
3725.344463,-153.219100,-518.144159,9400.615463
3725.344778,76.609550,-222.061783,9474.636058
3725.345092,0.000000,-518.144159,8956.491898
3725.345407,383.047749,-148.041188,8808.450710
3725.345722,459.657299,-444.123565,9178.553681
3725.346037,229.828649,-222.061783,9104.533087
3725.346351,229.828649,-740.205942,9178.553681
3725.346666,0.000000,-222.061783,9474.636058
3725.346981,0.000000,-444.123565,9548.656652
3725.347296,0.000000,-296.082377,10066.800811
3725.347610,0.000000,-444.123565,10140.821405
3725.347925,-536.266849,-592.164754,10436.903782
3725.348240,-229.828649,-296.082377,9770.718434
3725.348554,-229.828649,-296.082377,9548.656652
3725.348869,0.000000,-148.041188,9696.697840
3725.349184,0.000000,-74.020594,9770.718434
3725.349499,0.000000,-296.082377,9844.739029
3725.349813,-229.828649,-0.000000,9696.697840
3725.350128,-229.828649,-222.061783,9770.718434
3725.350443,-153.219100,-148.041188,10140.821405
3725.350757,0.000000,-148.041188,10140.821405
3725.351072,-383.047749,-222.061783,10140.821405
3725.351387,0.000000,-0.000000,9622.677246
3725.351701,229.828649,444.123565,9770.718434
3725.352016,-229.828649,370.102971,9474.636058
3725.352330,153.219100,370.102971,9474.636058
3725.352645,153.219100,370.102971,9400.615463
3725.352960,0.000000,296.082377,9474.636058
3725.353274,229.828649,444.123565,9474.636058
3725.353589,153.219100,370.102971,9474.636058
3725.353904,76.609550,888.247130,10066.800811
3725.354218,0.000000,592.164754,9474.636058
3725.354533,383.047749,740.205942,9474.636058
3725.354848,536.266849,1036.288319,9326.594869
3725.355162,459.657299,814.226536,9326.594869
3725.355477,383.047749,740.205942,9326.594869
3725.355791,153.219100,814.226536,8956.491898
3725.356106,536.266849,888.247130,9178.553681
3725.356421,153.219100,666.185348,9770.718434
3725.356735,306.438199,222.061783,9918.759623
3725.357050,153.219100,444.123565,9474.636058
3725.357365,76.609550,370.102971,9474.636058
3725.357679,383.047749,666.185348,9622.677246
3725.357994,383.047749,592.164754,9770.718434
3725.358309,689.485948,592.164754,9696.697840
3725.358623,306.438199,370.102971,9918.759623
3725.358938,306.438199,74.020594,9548.656652
3725.359253,0.000000,370.102971,9400.615463
3725.359567,153.219100,444.123565,9770.718434
3725.359882,306.438199,518.144159,10510.924376
3725.360196,153.219100,222.061783,9918.759623
3725.360511,0.000000,-0.000000,9918.759623
3725.360826,76.609550,-0.000000,9918.759623
3725.361140,0.000000,-0.000000,10140.821405
3725.361455,-229.828649,222.061783,10066.800811
3725.361770,229.828649,-0.000000,9992.780217
3725.362084,0.000000,-0.000000,9548.656652
3725.362399,0.000000,-0.000000,9918.759623
3725.362714,76.609550,-0.000000,9770.718434
3725.363028,306.438199,-0.000000,9844.739029
3725.363343,0.000000,-148.041188,9992.780217
3725.363658,0.000000,-0.000000,10066.800811
3725.363972,383.047749,-0.000000,9548.656652
3725.364287,0.000000,-148.041188,9918.759623
3725.364601,0.000000,-0.000000,9400.615463
3725.364916,0.000000,-0.000000,9252.574275
3725.365231,0.000000,-0.000000,9400.615463
3725.365545,153.219100,-0.000000,9326.594869
3725.365860,383.047749,-222.061783,9252.574275
3725.366175,76.609550,-0.000000,9474.636058
3725.366489,229.828649,-74.020594,9104.533087
3725.366804,153.219100,296.082377,8808.450710
3725.367119,153.219100,-148.041188,9474.636058
3725.367433,153.219100,-74.020594,9548.656652
3725.367748,0.000000,-222.061783,9030.512492
3725.368062,0.000000,-0.000000,8882.471304
3725.368377,306.438199,-0.000000,9104.533087
3725.368692,306.438199,-0.000000,9622.677246
3725.369006,383.047749,-74.020594,9326.594869
3725.369321,76.609550,-0.000000,9326.594869
3725.369636,76.609550,-0.000000,9252.574275
3725.369950,153.219100,-0.000000,9252.574275
3725.370265,306.438199,-0.000000,9622.677246
3725.370580,229.828649,-148.041188,9622.677246
3725.370894,0.000000,-0.000000,9622.677246
3725.371209,0.000000,-0.000000,9696.697840
3725.371524,76.609550,222.061783,9770.718434
3725.371838,0.000000,222.061783,9696.697840
3725.372153,76.609550,-0.000000,9918.759623
3725.372467,0.000000,-0.000000,9992.780217
3725.372782,0.000000,-0.000000,9770.718434
3725.373097,0.000000,222.061783,9992.780217
3725.373411,229.828649,148.041188,9844.739029
3725.373726,0.000000,-0.000000,9696.697840
3725.374041,0.000000,-0.000000,9918.759623
3725.374355,0.000000,370.102971,10362.883188
3725.374670,229.828649,-0.000000,9844.739029
3725.374985,0.000000,296.082377,10066.800811
3725.375299,0.000000,-0.000000,9548.656652
3725.375614,-229.828649,518.144159,9770.718434
3725.375929,0.000000,518.144159,9844.739029
3725.376243,76.609550,518.144159,9770.718434
3725.376558,0.000000,370.102971,9696.697840
3725.376872,383.047749,592.164754,9474.636058
3725.377187,306.438199,222.061783,9548.656652
3725.377502,459.657299,666.185348,9474.636058
3725.377816,0.000000,370.102971,9770.718434
3725.378131,0.000000,222.061783,9844.739029
3725.378446,229.828649,370.102971,9474.636058
3725.378760,76.609550,370.102971,9474.636058
3725.379075,153.219100,518.144159,9474.636058
3725.379390,76.609550,592.164754,9696.697840
3725.379704,229.828649,518.144159,9770.718434
3725.380019,689.485948,444.123565,9548.656652
3725.380333,306.438199,370.102971,9400.615463
3725.380648,306.438199,592.164754,9474.636058
3725.380963,383.047749,518.144159,9548.656652
3725.381277,383.047749,592.164754,9474.636058
3725.381592,153.219100,-0.000000,9696.697840
3725.381907,0.000000,148.041188,9474.636058
3725.382221,229.828649,222.061783,9326.594869
3725.382536,153.219100,518.144159,9548.656652
3725.382851,229.828649,-0.000000,9548.656652
3725.383165,229.828649,-0.000000,9696.697840
3725.383480,229.828649,148.041188,9474.636058
3725.383795,306.438199,-0.000000,9622.677246
3725.384109,76.609550,-0.000000,9844.739029
3725.384424,0.000000,-0.000000,9622.677246
3725.384738,229.828649,-74.020594,9474.636058
3725.385053,0.000000,-148.041188,9548.656652
3725.385368,153.219100,-222.061783,9622.677246
3725.385682,229.828649,-74.020594,9548.656652
3725.385997,76.609550,-0.000000,9548.656652
3725.386312,0.000000,-148.041188,9326.594869
3725.386626,306.438199,-370.102971,9474.636058
3725.386941,153.219100,-148.041188,9622.677246
3725.387256,0.000000,-148.041188,9474.636058
3725.387570,153.219100,-0.000000,9474.636058
3725.387885,0.000000,-370.102971,9474.636058
3725.388200,0.000000,-148.041188,9474.636058
3725.388514,76.609550,-222.061783,9696.697840
3725.388829,229.828649,-370.102971,9696.697840
3725.389143,153.219100,-370.102971,9400.615463
3725.389458,0.000000,-370.102971,9400.615463
3725.389773,229.828649,-0.000000,9474.636058
3725.390087,306.438199,-0.000000,9474.636058
3725.390402,0.000000,-74.020594,9400.615463
3725.390717,0.000000,-148.041188,9548.656652
3725.391031,76.609550,-0.000000,9252.574275
3725.391346,383.047749,-370.102971,9474.636058
3725.391661,0.000000,-0.000000,9474.636058
3725.391975,229.828649,-0.000000,9622.677246
3725.392290,229.828649,222.061783,9474.636058
3725.392604,0.000000,222.061783,9326.594869
3725.392919,0.000000,592.164754,9474.636058
3725.393234,153.219100,148.041188,9474.636058
3725.393548,153.219100,-0.000000,9474.636058
3725.393863,0.000000,-0.000000,9622.677246
3725.394178,76.609550,148.041188,9474.636058
3725.394492,153.219100,-0.000000,9844.739029
3725.394807,0.000000,-0.000000,9474.636058
3725.395122,76.609550,-0.000000,9622.677246
3725.395436,76.609550,370.102971,9474.636058
3725.395751,0.000000,222.061783,9474.636058
3725.396066,306.438199,-0.000000,9696.697840
3725.396380,153.219100,222.061783,9696.697840
3725.396695,153.219100,444.123565,9474.636058
3725.397009,0.000000,370.102971,9326.594869
3725.397324,919.314598,370.102971,9696.697840
3725.397639,306.438199,296.082377,9474.636058
3725.397953,229.828649,-0.000000,9548.656652
3725.398268,229.828649,148.041188,9548.656652
3725.398583,0.000000,370.102971,9622.677246
3725.398897,0.000000,296.082377,9696.697840
3725.399212,0.000000,-0.000000,9770.718434
3725.399527,0.000000,148.041188,10066.800811
3725.399841,0.000000,148.041188,9770.718434
3725.400156,0.000000,148.041188,9696.697840
3725.400470,229.828649,-0.000000,9918.759623
3725.400785,229.828649,222.061783,9844.739029
3725.401100,153.219100,296.082377,9992.780217
3725.401414,229.828649,296.082377,9622.677246
3725.401729,76.609550,370.102971,9548.656652
3725.402044,306.438199,370.102971,9474.636058
3725.402358,0.000000,148.041188,9622.677246
3725.402673,0.000000,370.102971,9844.739029
3725.402988,0.000000,222.061783,9844.739029
3725.403302,-153.219100,222.061783,9622.677246
3725.403617,306.438199,-0.000000,9918.759623
3725.403932,0.000000,296.082377,9696.697840
3725.404246,0.000000,222.061783,9474.636058
3725.404561,0.000000,296.082377,9326.594869
3725.404875,76.609550,-0.000000,9474.636058
3725.405190,-383.047749,-0.000000,9770.718434
3725.405505,-153.219100,296.082377,9474.636058
3725.405819,0.000000,222.061783,9548.656652
3725.406134,0.000000,-0.000000,9622.677246
3725.406449,0.000000,148.041188,9622.677246
3725.406763,-76.609550,-74.020594,9622.677246
3725.407078,0.000000,-0.000000,9474.636058
3725.407393,76.609550,-0.000000,9474.636058
3725.407707,0.000000,-0.000000,9178.553681
3725.408022,0.000000,-0.000000,9104.533087
3725.408337,766.095498,-0.000000,9400.615463
3725.408651,0.000000,-148.041188,9178.553681
3725.408966,459.657299,-0.000000,9400.615463
3725.409280,153.219100,-0.000000,9474.636058
3725.409595,76.609550,-0.000000,9474.636058
3725.409910,306.438199,-0.000000,9474.636058
3725.410224,0.000000,-222.061783,9622.677246
3725.410539,0.000000,-148.041188,9696.697840
3725.410854,0.000000,-0.000000,9474.636058
3725.411168,0.000000,-148.041188,9474.636058
3725.411483,919.314598,-0.000000,9548.656652
3725.411798,536.266849,296.082377,9400.615463
3725.412112,383.047749,-0.000000,9474.636058
3725.412427,383.047749,-0.000000,9400.615463
3725.412741,153.219100,-0.000000,9548.656652
3725.413056,306.438199,-0.000000,9474.636058
3725.413371,0.000000,296.082377,9918.759623
3725.413685,153.219100,-0.000000,9696.697840
3725.414000,0.000000,-74.020594,9474.636058
3725.414315,0.000000,296.082377,9992.780217
3725.414629,-459.657299,-74.020594,9844.739029
3725.414944,0.000000,-0.000000,9992.780217
3725.415259,76.609550,296.082377,9622.677246
3725.415573,0.000000,-0.000000,9696.697840
3725.415888,153.219100,-148.041188,9918.759623
3725.416203,0.000000,222.061783,9622.677246
3725.416517,0.000000,148.041188,9622.677246
3725.416832,0.000000,444.123565,9770.718434
3725.417146,-229.828649,222.061783,9696.697840
3725.417461,0.000000,296.082377,9326.594869
3725.417776,76.609550,518.144159,9400.615463
3725.418090,76.609550,666.185348,9696.697840
3725.418405,0.000000,666.185348,9178.553681
3725.418720,76.609550,444.123565,9622.677246
3725.419034,-459.657299,444.123565,9548.656652
3725.419349,229.828649,592.164754,9474.636058
3725.419664,0.000000,370.102971,9400.615463
3725.419978,0.000000,444.123565,9548.656652
3725.420293,459.657299,592.164754,9622.677246
3725.420608,459.657299,-0.000000,9400.615463
3725.420922,153.219100,296.082377,9474.636058
3725.421237,0.000000,370.102971,9696.697840
3725.421551,0.000000,370.102971,9548.656652
3725.421866,229.828649,444.123565,9474.636058
3725.422181,0.000000,444.123565,10066.800811
3725.422495,383.047749,296.082377,9844.739029
3725.422810,153.219100,370.102971,9696.697840
3725.423125,459.657299,370.102971,9474.636058
3725.423439,229.828649,222.061783,9770.718434
3725.423754,995.924147,296.082377,9326.594869
3725.424069,153.219100,-0.000000,9622.677246
3725.424383,229.828649,148.041188,10288.862594
3725.424698,229.828649,296.082377,9474.636058
3725.425012,76.609550,370.102971,9844.739029
3725.425327,0.000000,222.061783,9844.739029
3725.425642,383.047749,-74.020594,10288.862594
3725.425956,0.000000,370.102971,9622.677246
3725.426271,153.219100,-0.000000,9474.636058
3725.426586,0.000000,296.082377,10214.842000
3725.426900,0.000000,370.102971,9770.718434
3725.427215,0.000000,148.041188,9696.697840
3725.427530,153.219100,-0.000000,9474.636058
3725.427844,0.000000,148.041188,9548.656652
3725.428159,153.219100,-74.020594,9474.636058
3725.428474,0.000000,-0.000000,9548.656652
3725.428788,76.609550,-0.000000,10140.821405
3725.429103,-76.609550,-0.000000,9252.574275
3725.429417,0.000000,222.061783,9400.615463
3725.429732,153.219100,-0.000000,9622.677246
3725.430047,229.828649,-222.061783,9326.594869
3725.430361,459.657299,-0.000000,9326.594869
3725.430676,-153.219100,-0.000000,9474.636058
3725.430991,0.000000,-0.000000,9548.656652
3725.431305,229.828649,-0.000000,9326.594869
3725.431620,229.828649,-0.000000,9474.636058
3725.431935,0.000000,-296.082377,9474.636058
3725.432249,153.219100,-0.000000,9326.594869
3725.432564,76.609550,-222.061783,9474.636058
3725.432879,0.000000,-74.020594,9474.636058
3725.433193,306.438199,-296.082377,9474.636058
3725.433508,0.000000,-296.082377,9548.656652
3725.433822,153.219100,-0.000000,9252.574275
3725.434137,459.657299,-0.000000,9474.636058
3725.434452,229.828649,148.041188,9548.656652
3725.434766,229.828649,-0.000000,9474.636058
3725.435081,229.828649,-0.000000,9474.636058
3725.435396,0.000000,-74.020594,9400.615463
3725.435710,76.609550,-0.000000,9400.615463
3725.436025,229.828649,-0.000000,9696.697840
3725.436340,229.828649,-0.000000,9918.759623
3725.436654,76.609550,222.061783,9696.697840
3725.436969,229.828649,222.061783,9474.636058
3725.437283,229.828649,-0.000000,9918.759623
3725.437598,0.000000,222.061783,9918.759623
3725.437913,0.000000,-0.000000,9622.677246
3725.438227,-229.828649,-0.000000,9696.697840
3725.438542,0.000000,-0.000000,9548.656652
3725.438857,153.219100,-0.000000,9400.615463
3725.439171,153.219100,370.102971,9918.759623
3725.439486,153.219100,-0.000000,9918.759623
3725.439801,-229.828649,296.082377,9696.697840
3725.440115,-153.219100,148.041188,9252.574275
3725.440430,0.000000,-0.000000,9622.677246
3725.440745,229.828649,-0.000000,9770.718434
3725.441059,0.000000,-0.000000,9622.677246
3725.441374,76.609550,222.061783,9548.656652
3725.441688,76.609550,222.061783,9474.636058
3725.442003,229.828649,148.041188,9474.636058
3725.442318,229.828649,-0.000000,9770.718434
3725.442632,0.000000,-0.000000,9696.697840
3725.442947,383.047749,-0.000000,9474.636058
3725.443262,459.657299,-0.000000,9474.636058
3725.443576,306.438199,296.082377,9844.739029
3725.443891,229.828649,296.082377,9770.718434
3725.444206,153.219100,296.082377,9326.594869
3725.444520,76.609550,296.082377,9178.553681
3725.444835,229.828649,518.144159,9844.739029
3725.445150,153.219100,296.082377,9622.677246
3725.445464,536.266849,148.041188,9696.697840
3725.445779,612.876398,-0.000000,9548.656652
3725.446093,153.219100,592.164754,9622.677246
3725.446408,306.438199,518.144159,9474.636058
3725.446723,76.609550,370.102971,9622.677246
3725.447037,459.657299,296.082377,10288.862594
3725.447352,229.828649,370.102971,9622.677246
3725.447667,76.609550,296.082377,9474.636058
3725.447981,306.438199,148.041188,9622.677246
3725.448296,76.609550,296.082377,9696.697840
3725.448611,0.000000,296.082377,9770.718434
3725.448925,306.438199,222.061783,9548.656652
3725.449240,459.657299,-74.020594,9548.656652
3725.449554,0.000000,-0.000000,9400.615463
3725.449869,229.828649,-0.000000,9622.677246
3725.450184,76.609550,-0.000000,9992.780217
3725.450498,76.609550,-0.000000,9474.636058
3725.450813,76.609550,148.041188,9474.636058
3725.451128,0.000000,296.082377,9326.594869
3725.451442,153.219100,-0.000000,9696.697840
3725.451757,229.828649,-74.020594,9622.677246
3725.452072,229.828649,370.102971,9474.636058
3725.452387,306.438199,-0.000000,9474.636058
3725.452701,153.219100,-0.000000,9400.615463
3725.453016,153.219100,-74.020594,9548.656652
3725.453331,153.219100,-0.000000,9474.636058
3725.453645,0.000000,-0.000000,9474.636058
3725.453960,153.219100,-0.000000,9622.677246
3725.454275,229.828649,-74.020594,9400.615463
3725.454589,0.000000,-148.041188,9844.739029
3725.454904,0.000000,222.061783,9548.656652
3725.455219,76.609550,222.061783,9252.574275
3725.455533,76.609550,-0.000000,9770.718434
3725.455848,229.828649,-0.000000,9622.677246
3725.456163,306.438199,222.061783,9622.677246
3725.456477,0.000000,-0.000000,9548.656652
3725.456792,0.000000,148.041188,9400.615463
3725.457107,76.609550,148.041188,9622.677246
3725.457422,0.000000,-0.000000,9622.677246
3725.457736,0.000000,-222.061783,10140.821405
3725.458051,0.000000,444.123565,9622.677246
3725.458366,0.000000,-0.000000,9400.615463
3725.458680,153.219100,-0.000000,9548.656652
3725.458995,0.000000,222.061783,9770.718434
3725.459310,153.219100,296.082377,9770.718434
3725.459624,0.000000,296.082377,9474.636058
3725.459939,153.219100,296.082377,9548.656652
3725.460254,229.828649,-0.000000,9400.615463
3725.460568,536.266849,-148.041188,9696.697840
3725.460883,76.609550,-0.000000,9696.697840
3725.461198,0.000000,-0.000000,9474.636058
3725.461513,76.609550,370.102971,9474.636058
3725.461827,0.000000,296.082377,9474.636058
3725.462142,153.219100,148.041188,9474.636058
3725.462457,995.924147,-74.020594,9844.739029
3725.462771,459.657299,148.041188,9844.739029
3725.463086,229.828649,444.123565,9844.739029
3725.463401,536.266849,444.123565,9770.718434
3725.463715,536.266849,222.061783,9474.636058
3725.464030,612.876398,518.144159,9326.594869
3725.464345,995.924147,666.185348,9400.615463
3725.464659,689.485948,370.102971,9030.512492
3725.464974,842.705048,518.144159,9326.594869
3725.465289,842.705048,296.082377,9770.718434
3725.465603,766.095498,444.123565,9548.656652
3725.465918,689.485948,296.082377,9474.636058
3725.466233,842.705048,444.123565,10214.842000
3725.466548,689.485948,-0.000000,10288.862594
3725.466862,842.705048,888.247130,10066.800811
3725.467177,1072.533697,888.247130,9844.739029
3725.467492,1532.190996,1110.308913,9622.677246
3725.467806,2068.457845,1628.453072,9696.697840
3725.468121,2221.676944,1554.432478,9918.759623
3725.468436,1838.629195,1702.473667,9696.697840
3725.468750,2604.724693,1702.473667,9178.553681
3725.469065,2987.772442,2072.576638,8586.388927
3725.469380,2911.162892,2368.659014,8734.430116
3725.469694,2987.772442,1702.473667,9252.574275
3725.470009,2987.772442,1998.556043,9030.512492
3725.470324,2911.162892,1998.556043,9326.594869
3725.470638,2681.334243,1924.535449,9252.574275
3725.470953,2528.115143,2294.638420,9326.594869
3725.471268,2604.724693,2220.617826,9474.636058
3725.471583,2604.724693,2442.679609,9104.533087
3725.471897,2298.286494,2738.761985,8586.388927
3725.472212,2528.115143,2960.823768,8734.430116
3725.472527,2757.943793,2886.803174,8808.450710
3725.472841,3294.210641,2442.679609,9252.574275
3725.473156,2681.334243,2812.782580,9474.636058
3725.473471,2374.896044,2664.741391,9918.759623
3725.473785,2221.676944,3034.844362,10658.965565
3725.474100,2374.896044,3108.864956,10658.965565
3725.474415,2374.896044,3182.885551,10955.047942
3725.474729,2298.286494,3923.091493,10584.944971
3725.475044,2604.724693,4071.132681,10214.842000
3725.475359,3140.991542,4219.173869,10066.800811
3725.475673,3447.429741,4219.173869,9548.656652
3725.475988,3830.477490,4293.194464,9400.615463
3725.476303,3294.210641,4515.256246,8808.450710
3725.476618,3370.820191,4293.194464,8660.409521
3725.476932,2834.553343,3997.112087,9474.636058
3725.477247,2451.505594,3404.947333,9548.656652
3725.477562,1991.848295,2960.823768,10066.800811
3725.477876,919.314598,2664.741391,10510.924376
3725.478191,153.219100,2516.700203,10732.986159
3725.478506,0.000000,2738.761985,11325.150913
3725.478820,153.219100,2738.761985,11547.212695
3725.479135,459.657299,2738.761985,10881.027347
3725.479450,1149.143247,3182.885551,10732.986159
3725.479764,1608.800546,3775.050304,10214.842000
3725.480079,2451.505594,4071.132681,9474.636058
3725.480394,2604.724693,4293.194464,9474.636058
3725.480709,2987.772442,3775.050304,9178.553681
3725.481023,3217.601092,3701.029710,9030.512492
3725.481338,2451.505594,3108.864956,9178.553681
3725.481653,1915.238745,2220.617826,9400.615463
3725.481967,1149.143247,1554.432478,10288.862594
3725.482282,995.924147,1036.288319,10732.986159
3725.482597,536.266849,962.267725,10362.883188
3725.482911,383.047749,1184.329507,10288.862594
3725.483226,1072.533697,1628.453072,9992.780217
3725.483541,1762.019645,1924.535449,9474.636058
3725.483855,2298.286494,2072.576638,8290.306550
3725.484170,2681.334243,2368.659014,7772.162391
3725.484485,3447.429741,2368.659014,8142.265362
3725.484799,3600.648841,1924.535449,7920.203579
3725.485114,3294.210641,1332.370696,8512.368333
3725.485429,2451.505594,1332.370696,9178.553681
3725.485744,1608.800546,1036.288319,9918.759623
3725.486058,1532.190996,740.205942,11103.089130
3725.486373,1072.533697,666.185348,11325.150913
3725.486688,1302.362347,592.164754,11177.109724
3725.487002,1532.190996,1036.288319,10584.944971
3725.487317,2528.115143,1258.350101,9326.594869
3725.487632,3140.991542,1628.453072,8438.347739
3725.487946,3447.429741,2146.597232,8216.285956
3725.488261,3983.696590,2294.638420,7994.224174
3725.488576,4213.525239,2220.617826,7402.059420
3725.488890,4213.525239,1998.556043,7846.182985
3725.489205,3447.429741,1554.432478,8364.327145
3725.489520,2374.896044,740.205942,9400.615463
3725.489834,1455.581446,-0.000000,10288.862594
3725.490149,612.876398,-666.185348,10881.027347
3725.490464,229.828649,-370.102971,11399.171507
3725.490779,229.828649,-0.000000,10732.986159
3725.491093,1302.362347,-0.000000,11029.068536
3725.491408,1762.019645,1628.453072,9696.697840
3725.491723,2374.896044,2516.700203,8438.347739
3725.492037,3217.601092,3256.906145,7698.141797
3725.492352,3600.648841,3627.009116,7402.059420
3725.492667,4519.963438,3108.864956,7476.080014
3725.492981,4136.915689,2146.597232,8438.347739
3725.493296,2834.553343,962.267725,9474.636058
3725.493611,1915.238745,222.061783,10881.027347
3725.493925,229.828649,518.144159,12213.398043
3725.494240,-229.828649,444.123565,12287.418637
3725.494555,-612.876398,1406.391290,12065.356855
3725.494870,0.000000,1850.514855,11547.212695
3725.495184,612.876398,2442.679609,10140.821405
3725.495499,1225.752797,2664.741391,8734.430116
3725.495814,1991.848295,2812.782580,7328.038826
3725.496128,2681.334243,2960.823768,7402.059420
3725.496443,3140.991542,2738.761985,7254.018232
3725.496758,2681.334243,2294.638420,7994.224174
3725.497072,1915.238745,1554.432478,9622.677246
3725.497387,459.657299,1036.288319,11325.150913
3725.497702,-842.705048,1036.288319,12139.377449
3725.498016,-1915.238745,1480.411884,12139.377449
3725.498331,-1838.629195,1702.473667,12287.418637
3725.498646,-1378.971896,1628.453072,11769.274478
3725.498960,-766.095498,2516.700203,10658.965565
3725.499275,0.000000,2442.679609,9104.533087
3725.499590,1302.362347,2960.823768,8068.244768
3725.499905,2221.676944,3182.885551,7920.203579
3725.500219,2451.505594,2220.617826,8438.347739
3725.500534,1991.848295,1480.411884,9178.553681
3725.500849,1149.143247,814.226536,10436.903782
3725.501163,0.000000,296.082377,11103.089130
3725.501478,0.000000,-148.041188,12287.418637
3725.501793,-1225.752797,370.102971,11991.336260
3725.502107,-1532.190996,1036.288319,10658.965565
3725.502422,-842.705048,1628.453072,9252.574275
3725.502737,383.047749,1924.535449,7550.100608
3725.503051,1685.410096,1628.453072,7105.977043
3725.503366,2528.115143,962.267725,6957.935855
3725.503681,1991.848295,222.061783,7476.080014
3725.503995,1532.190996,-444.123565,8142.265362
3725.504310,1072.533697,-666.185348,9770.718434
3725.504625,536.266849,-1110.308913,10955.047942
3725.504940,-153.219100,-962.267725,11843.295072
3725.505254,-919.314598,-0.000000,11473.192101
3725.505569,-1685.410096,370.102971,11029.068536
3725.505884,-766.095498,222.061783,10510.924376
3725.506198,76.609550,-0.000000,9770.718434
3725.506513,995.924147,370.102971,8142.265362
3725.506828,1608.800546,444.123565,8142.265362
3725.507142,2145.067394,-0.000000,8216.285956
3725.507457,2757.943793,-0.000000,8438.347739
3725.507772,2298.286494,-0.000000,8512.368333
3725.508086,1838.629195,-74.020594,8956.491898
3725.508401,1149.143247,-444.123565,9178.553681
3725.508716,536.266849,-740.205942,9622.677246
3725.509030,0.000000,-1480.411884,10510.924376
3725.509345,-229.828649,-2220.617826,10881.027347
3725.509660,-1149.143247,-1776.494261,10807.006753
3725.509975,-766.095498,-1110.308913,10362.883188
3725.510289,-153.219100,-0.000000,9548.656652
3725.510604,76.609550,518.144159,9030.512492
3725.510919,689.485948,962.267725,8438.347739
3725.511233,919.314598,814.226536,7920.203579
3725.511548,919.314598,370.102971,8586.388927
3725.511863,995.924147,-962.267725,9474.636058
3725.512177,1072.533697,-2220.617826,10807.006753
3725.512492,0.000000,-2516.700203,10807.006753
3725.512807,-842.705048,-1776.494261,11325.150913
3725.513121,-1762.019645,-1554.432478,11547.212695
3725.513436,-1455.581446,-962.267725,10732.986159
3725.513751,-1455.581446,296.082377,9400.615463
3725.514066,-1225.752797,1184.329507,7772.162391
3725.514380,-612.876398,740.205942,7920.203579
3725.514695,153.219100,-592.164754,7476.080014
3725.515010,612.876398,-1480.411884,8068.244768
3725.515324,76.609550,-2294.638420,9030.512492
3725.515639,-229.828649,-2590.720797,10140.821405
3725.515954,-612.876398,-1850.514855,11177.109724
3725.516268,-995.924147,-962.267725,11399.171507
3725.516583,-1378.971896,-740.205942,11621.233289
3725.516898,-1838.629195,592.164754,10584.944971
3725.517212,-1991.848295,888.247130,9030.512492
3725.517527,-1302.362347,592.164754,8660.409521
3725.517842,-383.047749,-0.000000,8290.306550
3725.518156,383.047749,-444.123565,8364.327145
3725.518471,459.657299,-444.123565,8364.327145
3725.518786,842.705048,-888.247130,9474.636058
3725.519101,306.438199,-222.061783,10140.821405
3725.519415,383.047749,-0.000000,10066.800811
3725.519730,0.000000,444.123565,9992.780217
3725.520045,-689.485948,888.247130,9400.615463
3725.520359,-612.876398,370.102971,9474.636058
3725.520674,-536.266849,-74.020594,9474.636058
3725.520989,-153.219100,-518.144159,9400.615463
3725.521303,-153.219100,-592.164754,9548.656652
3725.521618,-383.047749,148.041188,9918.759623
3725.521933,76.609550,814.226536,9770.718434
3725.522247,842.705048,1628.453072,9474.636058
3725.522562,1455.581446,2220.617826,9474.636058
3725.522877,1532.190996,2294.638420,8660.409521
3725.523191,1302.362347,2146.597232,8512.368333
3725.523506,1302.362347,962.267725,8956.491898
3725.523821,1149.143247,222.061783,9400.615463
3725.524136,612.876398,-74.020594,10140.821405
3725.524450,0.000000,-0.000000,10214.842000
3725.524765,-536.266849,444.123565,10510.924376
3725.525080,-383.047749,1110.308913,10881.027347
3725.525394,-689.485948,1702.473667,9992.780217
3725.525709,-229.828649,2368.659014,9474.636058
3725.526024,306.438199,2220.617826,8734.430116
3725.526338,1225.752797,1184.329507,8734.430116
3725.526653,1991.848295,592.164754,9252.574275
3725.526968,1915.238745,-74.020594,9770.718434
3725.527282,1225.752797,296.082377,10140.821405
3725.527597,842.705048,740.205942,10362.883188
3725.527912,76.609550,1184.329507,10955.047942
3725.528227,153.219100,2072.576638,11325.150913
3725.528541,-459.657299,2294.638420,10140.821405
3725.528856,-842.705048,2146.597232,9474.636058
3725.529171,-612.876398,1480.411884,9104.533087
3725.529485,0.000000,370.102971,9030.512492
3725.529800,306.438199,-222.061783,9548.656652
3725.530115,612.876398,-444.123565,9918.759623
3725.530429,306.438199,-370.102971,10066.800811
3725.530744,0.000000,-74.020594,10955.047942
3725.531059,0.000000,592.164754,11029.068536
3725.531373,153.219100,1184.329507,10584.944971
3725.531688,-766.095498,1776.494261,9326.594869
3725.532003,-995.924147,1998.556043,8586.388927
3725.532317,0.000000,-0.000000,9252.574275
3725.532632,0.000000,148.041188,9252.574275
3725.532947,-459.657299,-74.020594,9696.697840
3725.533262,0.000000,-814.226536,9622.677246
3725.533576,-536.266849,-444.123565,9918.759623
3725.533891,0.000000,-222.061783,10436.903782
3725.534206,0.000000,-518.144159,9992.780217
3725.534520,-383.047749,-0.000000,8882.471304
3725.534835,-306.438199,-0.000000,8734.430116
3725.535150,-612.876398,-0.000000,8512.368333
3725.535464,-229.828649,-444.123565,8808.450710
3725.535779,0.000000,-1406.391290,9178.553681
3725.536094,-306.438199,-1406.391290,9548.656652
3725.536408,-536.266849,-1184.329507,9918.759623
3725.536723,-306.438199,-814.226536,10140.821405
3725.537038,0.000000,-0.000000,9992.780217
3725.537352,-459.657299,-0.000000,9474.636058
3725.537667,229.828649,-0.000000,8586.388927
3725.537982,612.876398,-370.102971,7920.203579
3725.538297,1072.533697,-814.226536,8290.306550
3725.538611,995.924147,-1258.350101,8438.347739
3725.538926,536.266849,-1850.514855,9030.512492
3725.539241,-306.438199,-1554.432478,9622.677246
3725.539555,-306.438199,-1554.432478,10362.883188
3725.539870,-612.876398,-888.247130,10510.924376
3725.540185,-459.657299,-592.164754,10362.883188
3725.540499,-76.609550,-148.041188,9326.594869
3725.540814,-153.219100,-370.102971,8882.471304
3725.541129,612.876398,-222.061783,8512.368333
3725.541443,1225.752797,-740.205942,8808.450710
3725.541758,1608.800546,-1036.288319,9326.594869
3725.542073,1378.971896,-814.226536,9474.636058
3725.542387,1072.533697,-740.205942,9696.697840
3725.542702,689.485948,-148.041188,10362.883188
3725.543017,229.828649,-74.020594,10584.944971
3725.543332,0.000000,518.144159,9696.697840
3725.543646,-459.657299,962.267725,9178.553681
3725.543961,-689.485948,518.144159,9178.553681
3725.544276,76.609550,-370.102971,8734.430116
3725.544590,383.047749,-888.247130,9474.636058
3725.544905,612.876398,-1332.370696,9696.697840
3725.545220,0.000000,-518.144159,9918.759623
3725.545534,229.828649,-0.000000,10362.883188
3725.545849,536.266849,296.082377,10288.862594
3725.546164,766.095498,1258.350101,9844.739029
3725.546478,76.609550,1480.411884,8586.388927
3725.546793,76.609550,1406.391290,9030.512492
3725.547108,0.000000,888.247130,9252.574275
3725.547423,229.828649,592.164754,9252.574275
3725.547737,0.000000,148.041188,9696.697840
3725.548052,0.000000,-0.000000,9770.718434
3725.548367,0.000000,592.164754,10362.883188
3725.548681,153.219100,666.185348,10584.944971
3725.548996,76.609550,1258.350101,10510.924376
3725.549311,0.000000,1554.432478,9770.718434
3725.549625,0.000000,1776.494261,8734.430116
3725.549940,306.438199,1702.473667,8734.430116
3725.550255,383.047749,1110.308913,9326.594869
3725.550569,306.438199,370.102971,9622.677246
3725.550884,0.000000,296.082377,10066.800811
3725.551199,-383.047749,666.185348,10807.006753
3725.551513,-153.219100,666.185348,11251.130318
3725.551828,0.000000,666.185348,11103.089130
3725.552143,76.609550,1480.411884,10066.800811
3725.552457,-229.828649,1998.556043,9400.615463
3725.552772,0.000000,2146.597232,8882.471304
3725.553087,1149.143247,1332.370696,8586.388927
3725.553401,1532.190996,370.102971,9104.533087
3725.553716,689.485948,444.123565,9252.574275
3725.554031,766.095498,-0.000000,9992.780217
3725.554345,-153.219100,444.123565,10658.965565
3725.554660,0.000000,518.144159,11103.089130
3725.554975,0.000000,1036.288319,10214.842000
3725.555289,-459.657299,1184.329507,9548.656652
3725.555604,-306.438199,1184.329507,9474.636058
3725.555919,0.000000,962.267725,8734.430116
3725.556233,536.266849,296.082377,8956.491898
3725.556548,842.705048,-148.041188,9178.553681
3725.556863,612.876398,-148.041188,9474.636058
3725.557177,612.876398,-0.000000,9770.718434
3725.557492,459.657299,148.041188,10214.842000
3725.557807,306.438199,296.082377,10362.883188
3725.558121,229.828649,1110.308913,9400.615463
3725.558436,0.000000,1184.329507,8882.471304
3725.558751,-153.219100,888.247130,9030.512492
3725.559065,612.876398,-0.000000,8734.430116
3725.559380,459.657299,-888.247130,8956.491898
3725.559695,306.438199,-814.226536,8956.491898
3725.560009,689.485948,-888.247130,10140.821405
3725.560324,76.609550,-740.205942,9918.759623
3725.560639,229.828649,-0.000000,9918.759623
3725.560953,76.609550,518.144159,9400.615463
3725.561268,153.219100,666.185348,9104.533087
3725.561582,0.000000,1036.288319,8882.471304
3725.561897,76.609550,-0.000000,8882.471304
3725.562212,153.219100,-666.185348,9400.615463
3725.562526,0.000000,-1258.350101,9918.759623
3725.562841,153.219100,-1184.329507,10288.862594
3725.563156,-383.047749,-740.205942,11177.109724
3725.563470,0.000000,-222.061783,11103.089130
3725.563785,-229.828649,-0.000000,10362.883188
3725.564100,-229.828649,444.123565,9326.594869
3725.564414,0.000000,-0.000000,8734.430116
3725.564729,612.876398,-0.000000,9030.512492
3725.565044,229.828649,-962.267725,9030.512492
3725.565358,153.219100,-1258.350101,9548.656652
3725.565673,0.000000,-1184.329507,9622.677246
3725.565988,-612.876398,-888.247130,10436.903782
3725.566302,-459.657299,-888.247130,11029.068536
3725.566617,-612.876398,-518.144159,10658.965565
3725.566932,-612.876398,222.061783,9770.718434
3725.567246,-306.438199,222.061783,9030.512492
3725.567561,0.000000,-0.000000,8734.430116
3725.567876,0.000000,-518.144159,8660.409521
3725.568190,612.876398,-1258.350101,8808.450710
3725.568505,0.000000,-1332.370696,9474.636058
3725.568820,306.438199,-888.247130,9770.718434
3725.569134,76.609550,-592.164754,10066.800811
3725.569449,76.609550,-222.061783,10510.924376
3725.569764,0.000000,370.102971,9696.697840
3725.570078,-306.438199,444.123565,8586.388927
3725.570393,-229.828649,740.205942,8512.368333
3725.570708,0.000000,-0.000000,8586.388927
3725.571022,229.828649,-814.226536,8882.471304
3725.571337,306.438199,-814.226536,8882.471304
3725.571652,0.000000,-518.144159,9104.533087
3725.571966,229.828649,-296.082377,9696.697840
3725.572281,229.828649,-0.000000,10214.842000
3725.572595,229.828649,740.205942,9918.759623
3725.572910,0.000000,1406.391290,9474.636058
3725.573225,-306.438199,1406.391290,8586.388927
3725.573539,0.000000,1036.288319,8956.491898
3725.573854,612.876398,444.123565,9326.594869
3725.574169,0.000000,-296.082377,9844.739029
3725.574483,229.828649,-370.102971,9770.718434
3725.574798,229.828649,222.061783,9844.739029
3725.575113,76.609550,592.164754,10807.006753
3725.575427,0.000000,740.205942,10510.924376
3725.575742,76.609550,1480.411884,9918.759623
3725.576057,306.438199,1850.514855,8808.450710
3725.576371,153.219100,1332.370696,8290.306550
3725.576686,536.266849,888.247130,8882.471304
3725.577001,536.266849,-222.061783,9622.677246
3725.577315,76.609550,-296.082377,9474.636058
3725.577630,0.000000,222.061783,10066.800811
3725.577945,0.000000,518.144159,10658.965565
3725.578259,612.876398,962.267725,11473.192101
3725.578574,229.828649,1036.288319,10288.862594
3725.578889,-306.438199,1702.473667,9474.636058
3725.579203,0.000000,1554.432478,8808.450710
3725.579518,306.438199,1110.308913,9030.512492
3725.579833,766.095498,222.061783,9474.636058
3725.580147,766.095498,-0.000000,9918.759623
3725.580462,76.609550,148.041188,9918.759623
3725.580777,-459.657299,296.082377,10658.965565
3725.581091,0.000000,370.102971,10881.027347
3725.581406,76.609550,888.247130,10807.006753
3725.581721,0.000000,1554.432478,9770.718434
3725.582035,-383.047749,1332.370696,9030.512492
3725.582350,76.609550,1036.288319,8438.347739
3725.582665,919.314598,518.144159,9030.512492
3725.582979,919.314598,-74.020594,9474.636058
3725.583294,306.438199,-148.041188,9548.656652
3725.583609,919.314598,-0.000000,9918.759623
3725.583923,536.266849,296.082377,10362.883188
3725.584238,0.000000,666.185348,10362.883188
3725.584552,229.828649,888.247130,10288.862594
3725.584867,-306.438199,740.205942,8808.450710
3725.585182,-306.438199,740.205942,8660.409521
3725.585496,-306.438199,370.102971,8882.471304
3725.585811,153.219100,-592.164754,9178.553681
3725.586126,-459.657299,-888.247130,9548.656652
3725.586440,-383.047749,-592.164754,10066.800811
3725.586755,-536.266849,-296.082377,10732.986159
3725.587070,-153.219100,-370.102971,10436.903782
3725.587384,-306.438199,222.061783,10362.883188
3725.587699,-612.876398,222.061783,9030.512492
3725.588014,-612.876398,814.226536,8660.409521
3725.588328,0.000000,444.123565,8364.327145
3725.588643,383.047749,-518.144159,8660.409521
3725.588958,306.438199,-1036.288319,9178.553681
3725.589272,0.000000,-1332.370696,9696.697840
3725.589587,-536.266849,-1184.329507,9844.739029
3725.589902,-842.705048,-962.267725,10288.862594
3725.590216,-383.047749,-814.226536,10362.883188
3725.590531,-689.485948,-0.000000,9474.636058
3725.590846,-689.485948,740.205942,8660.409521
3725.591160,-689.485948,-0.000000,8660.409521
3725.591475,0.000000,-740.205942,8808.450710
3725.591790,76.609550,-888.247130,9104.533087
3725.592104,612.876398,-1332.370696,9548.656652
3725.592419,76.609550,-1406.391290,10066.800811
3725.592734,76.609550,-74.020594,10658.965565
3725.593048,76.609550,148.041188,10436.903782
3725.593363,153.219100,888.247130,9622.677246
3725.593678,306.438199,1036.288319,9400.615463
3725.593992,229.828649,1036.288319,8364.327145
3725.594307,766.095498,-0.000000,8216.285956
3725.594622,1072.533697,-1110.308913,8586.388927
3725.594936,842.705048,-1406.391290,9548.656652
3725.595251,229.828649,-1258.350101,10288.862594
3725.595566,153.219100,-518.144159,10658.965565
3725.595880,306.438199,-518.144159,11029.068536
3725.596195,229.828649,-0.000000,10510.924376
3725.596509,383.047749,888.247130,9326.594869
3725.596824,76.609550,1036.288319,8586.388927
3725.597139,766.095498,1184.329507,8364.327145
3725.597453,1149.143247,148.041188,9104.533087
3725.597768,1149.143247,-444.123565,9104.533087
3725.598083,919.314598,-370.102971,9844.739029
3725.598397,306.438199,-370.102971,10362.883188
3725.598712,-229.828649,-0.000000,10807.006753
3725.599027,76.609550,296.082377,10881.027347
3725.599341,229.828649,888.247130,10214.842000
3725.599656,0.000000,666.185348,9252.574275
3725.599971,459.657299,-0.000000,8808.450710
3725.600285,229.828649,-0.000000,8734.430116
3725.600600,383.047749,-222.061783,8882.471304
3725.600915,536.266849,-444.123565,9844.739029
3725.601229,612.876398,-148.041188,9770.718434
3725.601544,153.219100,-0.000000,10362.883188
3725.601859,459.657299,222.061783,10288.862594
3725.602173,229.828649,740.205942,9844.739029
3725.602488,383.047749,1480.411884,8734.430116
3725.602803,-306.438199,1480.411884,8586.388927
3725.603117,-229.828649,1110.308913,8586.388927
3725.603432,766.095498,-0.000000,8956.491898
3725.603747,76.609550,-444.123565,9474.636058
3725.604061,0.000000,-222.061783,9770.718434
3725.604376,-459.657299,-74.020594,10955.047942
3725.604691,-459.657299,222.061783,11103.089130
3725.605005,-383.047749,740.205942,10955.047942
3725.605320,-689.485948,1480.411884,9622.677246
3725.605635,-459.657299,1702.473667,8882.471304
3725.605949,229.828649,1184.329507,9326.594869
3725.606264,383.047749,444.123565,9252.574275
3725.606579,612.876398,-148.041188,9104.533087
3725.606893,383.047749,-0.000000,9696.697840
3725.607208,76.609550,296.082377,9918.759623
3725.607522,-153.219100,296.082377,10584.944971
3725.607837,0.000000,740.205942,10510.924376
3725.608152,0.000000,1184.329507,9770.718434
3725.608466,-306.438199,888.247130,8734.430116
3725.608781,-1149.143247,962.267725,8956.491898
3725.609096,-459.657299,-0.000000,9252.574275
3725.609410,-383.047749,-518.144159,9622.677246
3725.609725,-459.657299,-666.185348,10288.862594
3725.610040,-459.657299,-518.144159,10362.883188
3725.610354,0.000000,-0.000000,10955.047942
3725.610669,0.000000,-0.000000,11103.089130
3725.610984,306.438199,592.164754,10584.944971
3725.611298,306.438199,1406.391290,9400.615463
3725.611613,306.438199,1702.473667,8068.244768
3725.611928,689.485948,1184.329507,8290.306550
3725.612242,1455.581446,-0.000000,8734.430116
3725.612557,1149.143247,-370.102971,9030.512492
3725.612872,995.924147,-592.164754,9326.594869
3725.613186,842.705048,-740.205942,9770.718434
3725.613501,383.047749,-518.144159,10140.821405
3725.613816,383.047749,-148.041188,9696.697840
3725.614130,229.828649,370.102971,9474.636058
3725.614445,0.000000,518.144159,8956.491898
3725.614760,-306.438199,444.123565,8512.368333
3725.615074,229.828649,-370.102971,9030.512492
3725.615389,306.438199,-740.205942,9696.697840
3725.615704,76.609550,-814.226536,10140.821405
3725.616018,0.000000,-592.164754,10066.800811
3725.616333,0.000000,-444.123565,11029.068536
3725.616648,383.047749,-0.000000,11399.171507
3725.616962,306.438199,1036.288319,10214.842000
3725.617277,76.609550,1332.370696,9178.553681
3725.617592,229.828649,1332.370696,8808.450710
3725.617906,919.314598,444.123565,9326.594869
3725.618221,536.266849,-666.185348,9030.512492
3725.618536,383.047749,-962.267725,9622.677246
3725.618850,229.828649,-1258.350101,9992.780217
3725.619165,-153.219100,-888.247130,9844.739029
3725.619479,0.000000,-814.226536,10288.862594
3725.619794,-459.657299,-444.123565,10066.800811
3725.620109,-612.876398,296.082377,9030.512492
3725.620423,-383.047749,740.205942,8290.306550
3725.620738,0.000000,-74.020594,8216.285956
3725.621053,153.219100,-444.123565,8734.430116
3725.621367,0.000000,-1110.308913,9548.656652
3725.621682,0.000000,-1110.308913,9622.677246
3725.621997,-229.828649,-518.144159,10288.862594
3725.622311,-229.828649,-148.041188,10436.903782
3725.622626,153.219100,296.082377,10362.883188
3725.622941,153.219100,1184.329507,9474.636058
3725.623255,0.000000,1332.370696,8660.409521
3725.623570,0.000000,740.205942,8438.347739
3725.623885,229.828649,-296.082377,8882.471304
3725.624199,536.266849,-814.226536,9474.636058
3725.624514,76.609550,-888.247130,9326.594869
3725.624829,-229.828649,-814.226536,9474.636058
3725.625143,0.000000,-444.123565,10436.903782
3725.625458,153.219100,-74.020594,10288.862594
3725.625773,0.000000,962.267725,9770.718434
3725.626087,-229.828649,1332.370696,8956.491898
3725.626402,0.000000,1554.432478,8364.327145
3725.626717,383.047749,962.267725,8216.285956
3725.627031,536.266849,-0.000000,9030.512492
3725.627346,306.438199,-370.102971,10140.821405
3725.627661,0.000000,-370.102971,10140.821405
3725.627975,0.000000,-222.061783,10436.903782
3725.628290,-383.047749,518.144159,11029.068536
3725.628605,0.000000,1110.308913,10510.924376
3725.628919,-229.828649,1776.494261,9622.677246
3725.629234,-229.828649,2220.617826,8734.430116
3725.629549,-229.828649,1258.350101,9030.512492
3725.629863,536.266849,518.144159,8956.491898
3725.630178,766.095498,-370.102971,9770.718434
3725.630493,383.047749,-592.164754,9770.718434
3725.630807,-153.219100,-148.041188,10510.924376
3725.631122,0.000000,296.082377,10881.027347
3725.631436,0.000000,518.144159,10732.986159
3725.631751,153.219100,1554.432478,10362.883188
3725.632066,0.000000,1702.473667,9178.553681
3725.632380,0.000000,1406.391290,8734.430116
3725.632695,153.219100,444.123565,9400.615463
3725.633010,536.266849,-0.000000,9548.656652
3725.633324,0.000000,-370.102971,9548.656652
3725.633639,306.438199,-74.020594,10066.800811
3725.633954,0.000000,-74.020594,10881.027347
3725.634268,153.219100,296.082377,10436.903782
3725.634583,306.438199,888.247130,10510.924376
3725.634898,0.000000,1850.514855,9770.718434
3725.635212,0.000000,1554.432478,8734.430116
3725.635527,0.000000,592.164754,8586.388927
3725.635842,842.705048,-592.164754,9178.553681
3725.636156,612.876398,-666.185348,9326.594869
3725.636471,459.657299,-518.144159,9474.636058
3725.636786,153.219100,-74.020594,10140.821405
3725.637100,306.438199,518.144159,10510.924376
3725.637415,153.219100,666.185348,9844.739029
3725.637730,76.609550,1184.329507,8586.388927
3725.638044,76.609550,1184.329507,8660.409521
3725.638359,0.000000,592.164754,8364.327145
3725.638674,306.438199,-0.000000,8586.388927
3725.638988,536.266849,-814.226536,9252.574275
3725.639303,306.438199,-1036.288319,9918.759623
3725.639618,-383.047749,-518.144159,10214.842000
3725.639932,-612.876398,-74.020594,10584.944971
3725.640247,-383.047749,148.041188,10584.944971
3725.640562,-229.828649,592.164754,9622.677246
3725.640876,-306.438199,1258.350101,8956.491898
3725.641191,-306.438199,740.205942,8512.368333
3725.641506,0.000000,-0.000000,8956.491898
3725.641820,536.266849,-740.205942,9030.512492
3725.642135,153.219100,-1480.411884,9474.636058
3725.642449,229.828649,-962.267725,9918.759623
3725.642764,536.266849,-222.061783,10584.944971
3725.643079,229.828649,-0.000000,9992.780217
3725.643393,0.000000,444.123565,10140.821405
3725.643708,153.219100,1110.308913,8882.471304
3725.644023,0.000000,666.185348,8216.285956
3725.644337,0.000000,-0.000000,8290.306550
3725.644652,842.705048,-666.185348,8956.491898
3725.644967,383.047749,-1332.370696,9400.615463
3725.645281,-153.219100,-1036.288319,9918.759623
3725.645596,-536.266849,-444.123565,10807.006753
3725.645911,-612.876398,-370.102971,11029.068536
3725.646225,-306.438199,222.061783,10955.047942
3725.646540,-306.438199,592.164754,9770.718434
3725.646855,-536.266849,1110.308913,9104.533087
3725.647169,-306.438199,1110.308913,9104.533087
3725.647484,766.095498,370.102971,9474.636058
3725.647799,766.095498,-444.123565,9474.636058
3725.648113,766.095498,-740.205942,9252.574275
3725.648428,306.438199,-518.144159,9696.697840
3725.648743,153.219100,-0.000000,10955.047942
3725.649057,229.828649,296.082377,10658.965565
3725.649372,0.000000,814.226536,9770.718434
3725.649687,-153.219100,814.226536,8660.409521
3725.650001,-383.047749,592.164754,9030.512492
3725.650316,76.609550,-0.000000,9030.512492
3725.650631,459.657299,-518.144159,9474.636058
3725.650945,0.000000,-962.267725,9918.759623
3725.651260,-612.876398,-962.267725,9622.677246
3725.651575,-229.828649,-74.020594,10510.924376
3725.651889,0.000000,222.061783,10881.027347
3725.652204,459.657299,592.164754,10881.027347
3725.652518,229.828649,1332.370696,9474.636058
3725.652833,0.000000,1480.411884,8586.388927
3725.653147,459.657299,962.267725,8660.409521
3725.653462,1225.752797,-74.020594,9030.512492
3725.653777,842.705048,-814.226536,9326.594869
3725.654091,153.219100,-592.164754,9622.677246
3725.654406,383.047749,-370.102971,10140.821405
3725.654720,383.047749,-0.000000,10214.842000
3725.655035,76.609550,-0.000000,10140.821405
3725.655349,0.000000,962.267725,9474.636058
3725.655664,0.000000,740.205942,8660.409521
3725.655978,153.219100,444.123565,8586.388927
3725.656293,459.657299,-148.041188,9326.594869
3725.656607,919.314598,-1184.329507,9104.533087
3725.656922,76.609550,-666.185348,9474.636058
3725.657237,229.828649,-0.000000,9696.697840
3725.657551,306.438199,-0.000000,10584.944971
3725.657866,842.705048,740.205942,10658.965565
3725.658180,919.314598,1184.329507,10214.842000
3725.658495,0.000000,1406.391290,9400.615463
3725.658809,-306.438199,1554.432478,8586.388927
3725.659124,0.000000,888.247130,8438.347739
3725.659438,383.047749,-370.102971,9474.636058
3725.659753,153.219100,-814.226536,9770.718434
3725.660067,76.609550,-1110.308913,9918.759623
3725.660382,-153.219100,-666.185348,10584.944971
3725.660697,0.000000,-0.000000,10732.986159
3725.661011,0.000000,740.205942,10436.903782
3725.661326,76.609550,962.267725,9474.636058
3725.661640,0.000000,1332.370696,8734.430116
3725.661955,76.609550,1110.308913,8290.306550
3725.662269,459.657299,370.102971,8512.368333
3725.662584,459.657299,-74.020594,9474.636058
3725.662898,0.000000,-370.102971,9770.718434
3725.663213,-76.609550,-222.061783,10214.842000
3725.663527,0.000000,-0.000000,10807.006753
3725.663842,229.828649,-0.000000,10807.006753
3725.664157,0.000000,518.144159,9992.780217
3725.664471,-919.314598,592.164754,9178.553681
3725.664786,-459.657299,1110.308913,9178.553681
3725.665100,0.000000,370.102971,8882.471304
3725.665415,766.095498,-370.102971,9104.533087
3725.665729,459.657299,-740.205942,9326.594869
3725.666044,536.266849,-814.226536,9696.697840
3725.666358,153.219100,-444.123565,9844.739029
3725.666673,0.000000,-148.041188,10658.965565
3725.666987,0.000000,592.164754,10510.924376
3725.667302,0.000000,962.267725,8956.491898
3725.667617,-153.219100,740.205942,8290.306550
3725.667931,0.000000,222.061783,8586.388927
3725.668246,612.876398,-222.061783,9326.594869
3725.668560,76.609550,-518.144159,9622.677246
3725.668875,-306.438199,-444.123565,10881.027347
3725.669189,-459.657299,-148.041188,10807.006753
3725.669504,0.000000,-0.000000,10955.047942
3725.669818,306.438199,444.123565,10881.027347
3725.670133,0.000000,888.247130,9622.677246
3725.670447,0.000000,1480.411884,8660.409521
3725.670762,-229.828649,1258.350101,8290.306550
3725.671077,766.095498,-0.000000,8660.409521
3725.671391,1149.143247,-888.247130,9178.553681
3725.671706,306.438199,-814.226536,9252.574275
3725.672020,0.000000,-1332.370696,10362.883188
3725.672335,-383.047749,-518.144159,10510.924376
3725.672649,0.000000,-0.000000,9918.759623
3725.672964,0.000000,518.144159,9696.697840
3725.673278,-153.219100,1184.329507,9030.512492
3725.673593,-229.828649,444.123565,7846.182985
3725.673907,153.219100,222.061783,8808.450710
3725.674222,612.876398,-222.061783,8882.471304
3725.674537,459.657299,-592.164754,9696.697840
3725.674851,0.000000,-222.061783,9844.739029
3725.675166,0.000000,-74.020594,10658.965565
3725.675480,76.609550,518.144159,11029.068536
3725.675795,0.000000,962.267725,10436.903782
3725.676109,-153.219100,1258.350101,9326.594869
3725.676424,0.000000,1406.391290,8808.450710
3725.676738,-229.828649,740.205942,8734.430116
3725.677053,0.000000,-518.144159,9178.553681
3725.677367,383.047749,-1184.329507,9474.636058
3725.677682,-306.438199,-1110.308913,10140.821405
3725.677997,-842.705048,-814.226536,10807.006753
3725.678311,-766.095498,-370.102971,10881.027347
3725.678626,0.000000,-0.000000,10881.027347
3725.678940,306.438199,888.247130,9844.739029
3725.679255,0.000000,1702.473667,8808.450710
3725.679569,153.219100,1332.370696,8956.491898
3725.679884,459.657299,740.205942,9104.533087
3725.680198,689.485948,370.102971,9030.512492
3725.680513,689.485948,-370.102971,9252.574275
3725.680827,76.609550,-0.000000,10436.903782
3725.681142,76.609550,-74.020594,10955.047942
3725.681457,153.219100,-148.041188,10732.986159
3725.681771,-229.828649,370.102971,10658.965565
3725.682086,-536.266849,962.267725,9548.656652
3725.682400,-153.219100,518.144159,8956.491898
3725.682715,-383.047749,-0.000000,9326.594869
3725.683029,689.485948,-814.226536,9178.553681
3725.683344,383.047749,-1110.308913,9178.553681
3725.683658,229.828649,-592.164754,9770.718434
3725.683973,0.000000,-296.082377,10362.883188
3725.684287,536.266849,-0.000000,9992.780217
3725.684602,229.828649,592.164754,9696.697840
3725.684917,153.219100,962.267725,8660.409521
3725.685231,229.828649,1110.308913,8586.388927
3725.685546,536.266849,962.267725,8142.265362
3725.685860,612.876398,-518.144159,8586.388927
3725.686175,536.266849,-592.164754,9178.553681
3725.686489,0.000000,-962.267725,9474.636058
3725.686804,0.000000,-888.247130,10436.903782
3725.687118,-536.266849,-962.267725,11325.150913
3725.687433,-536.266849,-296.082377,10807.006753
3725.687747,-383.047749,296.082377,9844.739029
3725.688062,-459.657299,1406.391290,9104.533087
3725.688377,0.000000,1332.370696,8956.491898
3725.688691,766.095498,296.082377,8364.327145
3725.689006,1225.752797,-444.123565,8734.430116
3725.689320,689.485948,-740.205942,9178.553681
3725.689635,383.047749,-370.102971,9548.656652
3725.689949,459.657299,296.082377,10288.862594
3725.690264,842.705048,444.123565,10584.944971
3725.690578,229.828649,740.205942,9474.636058
3725.690893,0.000000,814.226536,8882.471304
3725.691207,-459.657299,666.185348,8364.327145
3725.691522,-383.047749,148.041188,9178.553681
3725.691837,153.219100,-592.164754,9400.615463
3725.692151,-383.047749,-1110.308913,9770.718434
3725.692466,-306.438199,-962.267725,9992.780217
3725.692780,-536.266849,-592.164754,10881.027347
3725.693095,-306.438199,-0.000000,11029.068536
3725.693409,306.438199,444.123565,10955.047942
3725.693724,536.266849,1702.473667,9622.677246
3725.694038,229.828649,1702.473667,8660.409521
3725.694353,612.876398,1628.453072,8438.347739
3725.694667,1225.752797,518.144159,9252.574275
3725.694982,1149.143247,-666.185348,8586.388927
3725.695297,459.657299,-1036.288319,9474.636058
3725.695611,0.000000,-666.185348,10362.883188
3725.695926,0.000000,-222.061783,10732.986159
3725.696240,-306.438199,-0.000000,10584.944971
3725.696555,0.000000,-0.000000,9696.697840
3725.696869,-536.266849,888.247130,9326.594869
3725.697184,-306.438199,1184.329507,8438.347739
3725.697498,229.828649,444.123565,8808.450710
3725.697813,995.924147,-444.123565,9548.656652
3725.698127,842.705048,-518.144159,9770.718434
3725.698442,229.828649,-296.082377,9918.759623
3725.698757,229.828649,296.082377,10732.986159
3725.699071,459.657299,814.226536,10510.924376
3725.699386,689.485948,1332.370696,9992.780217
3725.699700,76.609550,1480.411884,9030.512492
3725.700015,0.000000,1406.391290,8734.430116
3725.700329,76.609550,962.267725,8364.327145
3725.700644,459.657299,-296.082377,9252.574275
3725.700958,306.438199,-296.082377,9844.739029
3725.701273,-229.828649,-1332.370696,9474.636058
3725.701587,-306.438199,-740.205942,10066.800811
3725.701902,-383.047749,-518.144159,10807.006753
3725.702217,0.000000,-0.000000,10881.027347
3725.702531,0.000000,962.267725,9844.739029
3725.702846,-229.828649,1628.453072,8660.409521
3725.703160,0.000000,1480.411884,8512.368333
3725.703475,383.047749,666.185348,8882.471304
3725.703789,306.438199,-148.041188,9104.533087
3725.704104,76.609550,-740.205942,9844.739029
3725.704418,-536.266849,-740.205942,10584.944971
3725.704733,0.000000,-222.061783,10066.800811
3725.705047,0.000000,370.102971,10732.986159
3725.705362,-612.876398,814.226536,10140.821405
3725.705677,-689.485948,1184.329507,9326.594869
3725.705991,-383.047749,962.267725,8734.430116
3725.706306,-153.219100,-0.000000,8882.471304
3725.706620,306.438199,-592.164754,9400.615463
3725.706935,0.000000,-962.267725,9104.533087
3725.707249,-153.219100,-888.247130,9326.594869
3725.707564,0.000000,-444.123565,10436.903782
3725.707878,0.000000,-0.000000,10362.883188
3725.708193,153.219100,370.102971,9844.739029
3725.708507,0.000000,888.247130,9178.553681
3725.708822,459.657299,1110.308913,8586.388927
3725.709137,-153.219100,370.102971,8512.368333
3725.709451,153.219100,-222.061783,9030.512492
3725.709766,0.000000,-1036.288319,10140.821405
3725.710080,-612.876398,-1332.370696,10066.800811
3725.710395,-689.485948,-1036.288319,10881.027347
3725.710709,-153.219100,-666.185348,11177.109724
3725.711024,153.219100,-0.000000,11029.068536
3725.711338,383.047749,740.205942,10510.924376
3725.711653,306.438199,1406.391290,8808.450710
3725.711967,689.485948,1110.308913,8364.327145
3725.712282,1149.143247,370.102971,8216.285956
3725.712597,1532.190996,-518.144159,8660.409521
3725.712911,1225.752797,-666.185348,9104.533087
3725.713226,459.657299,-666.185348,9548.656652
3725.713540,766.095498,-740.205942,10510.924376
3725.713855,0.000000,-518.144159,10066.800811
3725.714169,76.609550,-0.000000,10362.883188
3725.714484,0.000000,444.123565,9326.594869
3725.714798,-459.657299,518.144159,8586.388927
3725.715113,0.000000,-296.082377,9178.553681
3725.715427,0.000000,-740.205942,9178.553681
3725.715742,153.219100,-666.185348,9474.636058
3725.716057,0.000000,-518.144159,9992.780217
3725.716371,0.000000,-0.000000,10214.842000
3725.716686,76.609550,-0.000000,10881.027347
3725.717000,229.828649,518.144159,9770.718434
3725.717315,76.609550,1110.308913,9548.656652
3725.717629,76.609550,1332.370696,8216.285956
3725.717944,383.047749,740.205942,8364.327145
3725.718258,153.219100,-148.041188,8734.430116
3725.718573,536.266849,-444.123565,9030.512492
3725.718887,383.047749,-814.226536,9474.636058
3725.719202,0.000000,-518.144159,9844.739029
3725.719517,0.000000,-222.061783,10510.924376
3725.719831,-229.828649,-0.000000,10436.903782
3725.720146,-306.438199,740.205942,9622.677246
3725.720460,-306.438199,592.164754,9178.553681
3725.720775,-536.266849,740.205942,8882.471304
3725.721089,0.000000,666.185348,9030.512492
3725.721404,689.485948,-370.102971,9622.677246
3725.721718,459.657299,-74.020594,9474.636058
3725.722033,229.828649,222.061783,10362.883188
3725.722347,0.000000,666.185348,10881.027347
3725.722662,0.000000,740.205942,11103.089130
3725.722977,766.095498,1036.288319,10288.862594
3725.723291,76.609550,1628.453072,9474.636058
3725.723606,76.609550,1702.473667,9178.553681
3725.723920,153.219100,888.247130,9178.553681
3725.724235,536.266849,-0.000000,9474.636058
3725.724549,612.876398,-814.226536,9252.574275
3725.724864,0.000000,-518.144159,9918.759623
3725.725178,-383.047749,-444.123565,10362.883188
3725.725493,-536.266849,-0.000000,10510.924376
3725.725807,-76.609550,370.102971,10584.944971
3725.726122,229.828649,592.164754,9474.636058
3725.726437,-536.266849,1480.411884,9104.533087
3725.726751,-229.828649,1110.308913,8956.491898
3725.727066,76.609550,296.082377,9252.574275
3725.727380,0.000000,-296.082377,9474.636058
3725.727695,229.828649,-296.082377,9992.780217
3725.728009,229.828649,-0.000000,10658.965565
3725.728324,-383.047749,148.041188,10658.965565
3725.728638,0.000000,222.061783,10732.986159
3725.728953,229.828649,1480.411884,10362.883188
3725.729267,-153.219100,1184.329507,8660.409521
3725.729582,76.609550,962.267725,8734.430116
3725.729897,229.828649,222.061783,8734.430116
3725.730211,766.095498,-518.144159,8882.471304
3725.730526,306.438199,-518.144159,9104.533087
3725.730840,459.657299,-888.247130,9326.594869
3725.731155,229.828649,-518.144159,10214.842000
3725.731469,153.219100,-296.082377,10436.903782
3725.731784,306.438199,518.144159,9696.697840
3725.732098,153.219100,1036.288319,8882.471304
3725.732413,76.609550,1036.288319,8438.347739
3725.732727,459.657299,666.185348,8438.347739
3725.733042,842.705048,-0.000000,9178.553681
3725.733357,612.876398,-666.185348,9474.636058
3725.733671,0.000000,-592.164754,9844.739029
3725.733986,-306.438199,-296.082377,10584.944971
3725.734300,76.609550,-148.041188,11103.089130
3725.734615,0.000000,-0.000000,10807.006753
3725.734929,0.000000,888.247130,9696.697840
3725.735244,-153.219100,1258.350101,8734.430116
3725.735558,0.000000,888.247130,8512.368333
3725.735873,0.000000,-222.061783,9104.533087
3725.736187,153.219100,-592.164754,9252.574275
3725.736502,153.219100,-814.226536,9844.739029
3725.736817,0.000000,-888.247130,9918.759623
3725.737131,0.000000,-888.247130,10658.965565
3725.737446,0.000000,-666.185348,10658.965565
3725.737760,-689.485948,444.123565,10066.800811
3725.738075,-536.266849,1184.329507,9178.553681
3725.738389,-306.438199,1332.370696,8660.409521
3725.738704,229.828649,592.164754,9104.533087
3725.739018,842.705048,-370.102971,9548.656652
3725.739333,459.657299,-814.226536,9474.636058
3725.739647,0.000000,-1036.288319,10140.821405
3725.739962,-153.219100,-444.123565,10510.924376
3725.740277,229.828649,-444.123565,10881.027347
3725.740591,76.609550,222.061783,10436.903782
3725.740906,76.609550,888.247130,9030.512492
3725.741220,0.000000,1110.308913,8438.347739
3725.741535,0.000000,444.123565,8142.265362
3725.741849,842.705048,-370.102971,9030.512492
3725.742164,536.266849,-1480.411884,9400.615463
3725.742478,306.438199,-1332.370696,9474.636058
3725.742793,0.000000,-1110.308913,9918.759623
3725.743107,0.000000,-370.102971,10436.903782
3725.743422,306.438199,444.123565,10436.903782
3725.743737,153.219100,1258.350101,9770.718434
3725.744051,229.828649,1406.391290,8882.471304
3725.744366,229.828649,1184.329507,8290.306550
3725.744680,612.876398,518.144159,8586.388927
3725.744995,536.266849,-592.164754,9770.718434
3725.745309,0.000000,-1036.288319,9918.759623
3725.745624,-612.876398,-814.226536,10436.903782
3725.745938,0.000000,-148.041188,10881.027347
3725.746253,0.000000,296.082377,11029.068536
3725.746567,-459.657299,666.185348,9992.780217
3725.746882,0.000000,1628.453072,8882.471304
3725.747197,0.000000,1850.514855,8734.430116
3725.747511,153.219100,962.267725,8438.347739
3725.747826,689.485948,222.061783,8660.409521
3725.748140,536.266849,-370.102971,9326.594869
3725.748455,0.000000,-296.082377,9696.697840
3725.748769,0.000000,-296.082377,10510.924376
3725.749084,383.047749,-148.041188,10510.924376
3725.749398,76.609550,592.164754,10510.924376
3725.749713,76.609550,1110.308913,9918.759623
3725.750027,-459.657299,1258.350101,8512.368333
3725.750342,-153.219100,962.267725,8586.388927
3725.750657,76.609550,296.082377,9030.512492
3725.750971,0.000000,-222.061783,9622.677246
3725.751286,459.657299,-518.144159,9918.759623
3725.751600,0.000000,-0.000000,10362.883188
3725.751915,0.000000,-0.000000,10510.924376
3725.752229,383.047749,518.144159,10584.944971
3725.752544,383.047749,1110.308913,10066.800811
3725.752860,306.438199,962.267725,8956.491898
3725.753175,0.000000,1258.350101,8364.327145
3725.753489,229.828649,444.123565,8512.368333
3725.753804,766.095498,-0.000000,8734.430116
3725.754118,1072.533697,-222.061783,9400.615463
3725.754433,0.000000,-518.144159,9992.780217
3725.754747,153.219100,-148.041188,10510.924376
3725.755062,153.219100,222.061783,10584.944971
3725.755376,0.000000,518.144159,10214.842000
3725.755691,-383.047749,1036.288319,9918.759623
3725.756005,-612.876398,1406.391290,9030.512492
3725.756320,0.000000,1258.350101,8882.471304
3725.756635,536.266849,222.061783,9252.574275
3725.756949,383.047749,-666.185348,9844.739029
3725.757264,153.219100,-592.164754,10436.903782
3725.757578,-76.609550,-74.020594,9992.780217
3725.757893,76.609550,518.144159,11177.109724
3725.758207,76.609550,814.226536,10510.924376
3725.758522,229.828649,962.267725,9770.718434
3725.758836,-306.438199,1258.350101,8882.471304
3725.759151,0.000000,962.267725,8142.265362
3725.759465,536.266849,-0.000000,8586.388927
3725.759780,612.876398,-370.102971,8808.450710
3725.760094,536.266849,-666.185348,9252.574275
3725.760409,383.047749,-592.164754,9770.718434
3725.760723,0.000000,-740.205942,10732.986159
3725.761038,76.609550,-74.020594,10288.862594
3725.761353,0.000000,962.267725,9992.780217
3725.761667,0.000000,1036.288319,8956.491898
3725.761982,229.828649,1036.288319,8734.430116
3725.762296,76.609550,518.144159,8660.409521
3725.762611,612.876398,-296.082377,9326.594869
3725.762925,229.828649,-666.185348,9474.636058
3725.763240,153.219100,-1110.308913,10436.903782
3725.763554,-306.438199,-518.144159,10436.903782
3725.763869,0.000000,-444.123565,10955.047942
3725.764183,0.000000,296.082377,10732.986159
3725.764498,0.000000,814.226536,9178.553681
3725.764812,-153.219100,740.205942,8438.347739
3725.765127,0.000000,222.061783,8808.450710
3725.765441,536.266849,-296.082377,8956.491898
3725.765756,76.609550,-1036.288319,8808.450710
3725.766071,76.609550,-1184.329507,9178.553681
3725.766385,-229.828649,-1110.308913,10584.944971
3725.766700,153.219100,-592.164754,10807.006753
3725.767014,0.000000,-148.041188,10436.903782
3725.767329,229.828649,740.205942,9548.656652
3725.767643,0.000000,1332.370696,9104.533087
3725.767958,76.609550,666.185348,8660.409521
3725.768272,0.000000,-74.020594,9474.636058
3725.768587,153.219100,-888.247130,9918.759623
3725.768901,0.000000,-1258.350101,9844.739029
3725.769216,-306.438199,-740.205942,9992.780217
3725.769530,0.000000,-222.061783,10881.027347
3725.769845,383.047749,370.102971,10658.965565
3725.770159,459.657299,666.185348,9696.697840
3725.770474,612.876398,666.185348,8586.388927
3725.770789,383.047749,666.185348,8364.327145
3725.771103,612.876398,-0.000000,8586.388927
3725.771418,536.266849,-370.102971,8734.430116
3725.771732,306.438199,-740.205942,9030.512492
3725.772047,0.000000,-1036.288319,9548.656652
3725.772361,0.000000,-666.185348,10362.883188
3725.772676,229.828649,-444.123565,10584.944971
3725.772990,0.000000,-0.000000,10140.821405
3725.773305,0.000000,888.247130,8882.471304
3725.773619,0.000000,1332.370696,8512.368333
3725.773934,383.047749,1110.308913,8882.471304
3725.774248,536.266849,370.102971,8660.409521
3725.774563,229.828649,-666.185348,9104.533087
3725.774877,76.609550,-666.185348,9474.636058
3725.775192,-229.828649,-518.144159,10214.842000
3725.775507,0.000000,-222.061783,10955.047942
3725.775821,-229.828649,296.082377,10732.986159
3725.776136,-536.266849,888.247130,10436.903782
3725.776450,-383.047749,1702.473667,9104.533087
3725.776765,0.000000,1110.308913,8586.388927
3725.777079,383.047749,444.123565,9326.594869
3725.777394,766.095498,-74.020594,9252.574275
3725.777708,0.000000,-740.205942,9770.718434
3725.778023,306.438199,-518.144159,9770.718434
3725.778337,229.828649,-74.020594,10732.986159
3725.778652,459.657299,148.041188,10732.986159
3725.778966,459.657299,888.247130,9992.780217
3725.779281,306.438199,1702.473667,9548.656652
3725.779595,0.000000,1850.514855,8364.327145
3725.779910,383.047749,1332.370696,8808.450710
3725.780225,459.657299,-0.000000,9622.677246
3725.780539,229.828649,-518.144159,9548.656652
3725.780854,0.000000,-814.226536,10066.800811
3725.781168,-229.828649,-74.020594,10881.027347
3725.781483,0.000000,296.082377,11399.171507
3725.781797,0.000000,814.226536,10881.027347
3725.782112,-229.828649,1406.391290,9844.739029
3725.782426,-229.828649,1554.432478,8734.430116
3725.782741,153.219100,1702.473667,8512.368333
3725.783055,612.876398,370.102971,8882.471304
3725.783370,536.266849,-296.082377,9326.594869
3725.783684,0.000000,-518.144159,9992.780217
3725.783999,153.219100,-444.123565,9992.780217
3725.784313,76.609550,-222.061783,10658.965565
3725.784628,459.657299,-0.000000,11103.089130
3725.784943,459.657299,888.247130,9474.636058
3725.785257,153.219100,1036.288319,8364.327145
3725.785572,0.000000,1258.350101,8216.285956
3725.785886,306.438199,296.082377,8290.306550
3725.786201,689.485948,-148.041188,8882.471304
3725.786515,306.438199,-888.247130,9474.636058
3725.786830,0.000000,-1480.411884,9844.739029
3725.787144,-536.266849,-592.164754,10362.883188
3725.787459,76.609550,-222.061783,10732.986159
3725.787773,0.000000,222.061783,10732.986159
3725.788088,0.000000,1184.329507,9474.636058
3725.788402,-306.438199,1110.308913,9030.512492
3725.788717,0.000000,666.185348,8512.368333
3725.789031,536.266849,-148.041188,9252.574275
3725.789346,689.485948,-814.226536,9474.636058
3725.789661,995.924147,-888.247130,9622.677246
3725.789975,306.438199,-370.102971,10214.842000
3725.790290,383.047749,-370.102971,10510.924376
3725.790604,536.266849,296.082377,9918.759623
3725.790919,306.438199,1110.308913,9178.553681
3725.791233,0.000000,962.267725,8364.327145
3725.791548,153.219100,888.247130,8290.306550
3725.791862,536.266849,370.102971,8438.347739
3725.792177,0.000000,-814.226536,8808.450710
3725.792491,-229.828649,-1332.370696,9474.636058
3725.792806,-842.705048,-1184.329507,10510.924376
3725.793120,-995.924147,-740.205942,10807.006753
3725.793435,-459.657299,-0.000000,11029.068536
3725.793749,-383.047749,1184.329507,10214.842000
3725.794064,-612.876398,1184.329507,9474.636058
3725.794379,-229.828649,1332.370696,9104.533087
3725.794693,229.828649,592.164754,8808.450710
3725.795008,383.047749,-296.082377,9030.512492
3725.795322,459.657299,-518.144159,9696.697840
3725.795637,0.000000,-888.247130,9696.697840
3725.795951,0.000000,-740.205942,10140.821405
3725.796266,229.828649,-296.082377,10732.986159
3725.796580,306.438199,370.102971,9918.759623
3725.796895,229.828649,1110.308913,8882.471304
3725.797209,229.828649,962.267725,8364.327145
3725.797524,0.000000,222.061783,8660.409521
3725.797838,383.047749,-444.123565,8512.368333
3725.798153,-229.828649,-1332.370696,9326.594869
3725.798467,383.047749,-1332.370696,10288.862594
3725.798782,-766.095498,-1554.432478,10807.006753
3725.799097,229.828649,-148.041188,11177.109724
3725.799411,153.219100,592.164754,10955.047942
3725.799726,383.047749,1332.370696,9770.718434
3725.800040,0.000000,1480.411884,9104.533087
3725.800355,229.828649,1184.329507,8586.388927
3725.800669,612.876398,592.164754,9104.533087
3725.800984,612.876398,-370.102971,9178.553681
3725.801298,383.047749,-888.247130,9474.636058
3725.801613,0.000000,-814.226536,10066.800811
3725.801927,0.000000,-74.020594,10732.986159
3725.802242,229.828649,-0.000000,10510.924376
3725.802556,0.000000,740.205942,9770.718434
3725.802871,76.609550,1110.308913,9104.533087
3725.803185,153.219100,666.185348,7994.224174
3725.803500,766.095498,518.144159,7920.203579
3725.803815,766.095498,-444.123565,8512.368333
3725.804129,383.047749,-666.185348,9474.636058
3725.804444,0.000000,-666.185348,10288.862594
3725.804758,0.000000,-74.020594,10288.862594
3725.805073,-229.828649,-74.020594,11251.130318
3725.805387,76.609550,592.164754,10510.924376
3725.805702,-153.219100,1332.370696,9622.677246
3725.806016,-306.438199,1702.473667,9252.574275
3725.806331,0.000000,666.185348,8734.430116
3725.806645,536.266849,370.102971,8882.471304
3725.806960,383.047749,-296.082377,9178.553681
3725.807274,536.266849,-592.164754,9326.594869
3725.807589,0.000000,-592.164754,10288.862594
3725.807903,-229.828649,-74.020594,10807.006753
3725.808218,-229.828649,-74.020594,9918.759623
3725.808533,0.000000,740.205942,9400.615463
3725.808847,0.000000,888.247130,8586.388927
3725.809162,0.000000,1036.288319,8808.450710
3725.809476,0.000000,222.061783,8660.409521
3725.809791,0.000000,-888.247130,9326.594869
3725.810105,-383.047749,-962.267725,9696.697840
3725.810420,-306.438199,-814.226536,10288.862594
3725.810734,-536.266849,-148.041188,10881.027347
3725.811049,-536.266849,296.082377,11177.109724
3725.811363,-306.438199,1184.329507,10955.047942
3725.811678,0.000000,1406.391290,9326.594869
3725.811992,-383.047749,1406.391290,8882.471304
3725.812307,0.000000,1036.288319,8956.491898
3725.812621,536.266849,-0.000000,9326.594869
3725.812936,459.657299,-296.082377,9474.636058
3725.813251,383.047749,-444.123565,9474.636058
3725.813565,153.219100,-518.144159,10214.842000
3725.813880,0.000000,-296.082377,10510.924376
3725.814194,153.219100,148.041188,10510.924376
3725.814509,0.000000,444.123565,9326.594869
3725.814823,0.000000,888.247130,8142.265362
3725.815138,76.609550,592.164754,8438.347739
3725.815452,153.219100,-370.102971,8808.450710
3725.815767,689.485948,-1036.288319,9474.636058
3725.816081,383.047749,-1258.350101,9622.677246
3725.816396,229.828649,-444.123565,10214.842000
3725.816710,306.438199,296.082377,10955.047942
3725.817025,383.047749,296.082377,10288.862594
3725.817339,153.219100,1110.308913,9474.636058
3725.817654,536.266849,1554.432478,8956.491898
3725.817969,766.095498,1406.391290,8216.285956
3725.818283,842.705048,518.144159,8364.327145
3725.818598,1072.533697,-222.061783,9030.512492
3725.818912,536.266849,-962.267725,9474.636058
3725.819227,153.219100,-1036.288319,9622.677246
3725.819541,-306.438199,-444.123565,10362.883188
3725.819856,-153.219100,-74.020594,10955.047942
3725.820170,-383.047749,370.102971,10362.883188
3725.820485,-306.438199,592.164754,9030.512492
3725.820799,0.000000,814.226536,8438.347739
3725.821114,0.000000,148.041188,8586.388927
3725.821428,76.609550,-74.020594,9548.656652
3725.821743,0.000000,-296.082377,9696.697840
3725.822057,-383.047749,-444.123565,10510.924376
3725.822372,-459.657299,-222.061783,10584.944971
3725.822687,0.000000,-0.000000,10955.047942
3725.823001,0.000000,666.185348,10584.944971
3725.823316,-383.047749,1036.288319,9992.780217
3725.823630,-612.876398,1036.288319,8956.491898
3725.823945,-536.266849,962.267725,9326.594869
3725.824259,229.828649,-0.000000,8882.471304
3725.824574,153.219100,-370.102971,9252.574275
3725.824888,0.000000,-518.144159,9326.594869
3725.825203,536.266849,-370.102971,10066.800811
3725.825517,0.000000,-222.061783,10658.965565
3725.825832,76.609550,-296.082377,10881.027347
3725.826146,0.000000,370.102971,10066.800811
3725.826461,0.000000,666.185348,9030.512492
3725.826775,459.657299,962.267725,8364.327145
3725.827090,536.266849,666.185348,8586.388927
3725.827405,536.266849,-74.020594,9474.636058
3725.827719,383.047749,-740.205942,9326.594869
3725.828034,229.828649,-666.185348,9474.636058
3725.828348,536.266849,-296.082377,10807.006753
3725.828663,689.485948,-74.020594,10288.862594
3725.828977,995.924147,888.247130,10140.821405
3725.829292,612.876398,1258.350101,9474.636058
3725.829606,-229.828649,1554.432478,8586.388927
3725.829921,-229.828649,814.226536,8586.388927
3725.830235,306.438199,-296.082377,8956.491898
3725.830550,536.266849,-888.247130,9844.739029
3725.830864,306.438199,-888.247130,9622.677246
3725.831179,-383.047749,-740.205942,10214.842000
3725.831493,-919.314598,-592.164754,10510.924376
3725.831808,153.219100,-0.000000,10362.883188
3725.832123,229.828649,518.144159,9548.656652
3725.832437,76.609550,1184.329507,8734.430116
3725.832752,459.657299,1036.288319,8216.285956
3725.833066,383.047749,370.102971,8142.265362
3725.833381,612.876398,-296.082377,8882.471304
3725.833695,306.438199,-666.185348,9326.594869
3725.834010,0.000000,-962.267725,9918.759623
3725.834324,76.609550,-814.226536,10436.903782
3725.834639,153.219100,148.041188,11251.130318
3725.834953,76.609550,444.123565,10807.006753
3725.835268,-459.657299,1036.288319,9326.594869
3725.835582,-919.314598,1258.350101,8808.450710
3725.835897,0.000000,814.226536,8734.430116
3725.836211,229.828649,-518.144159,9178.553681
3725.836526,766.095498,-1036.288319,9178.553681
3725.836841,612.876398,-814.226536,9548.656652
3725.837155,0.000000,-74.020594,10214.842000
3725.837470,76.609550,222.061783,10288.862594
3725.837784,0.000000,592.164754,9918.759623
3725.838099,153.219100,1406.391290,9474.636058
3725.838413,0.000000,1184.329507,8512.368333
3725.838728,0.000000,888.247130,8364.327145
3725.839042,76.609550,-222.061783,8734.430116
3725.839357,76.609550,-814.226536,9770.718434
3725.839671,-76.609550,-888.247130,9696.697840
3725.839986,-383.047749,-296.082377,10658.965565
3725.840300,-306.438199,222.061783,10881.027347
3725.840615,153.219100,296.082377,10658.965565
3725.840929,76.609550,666.185348,9770.718434
3725.841244,0.000000,1110.308913,9474.636058
3725.841559,0.000000,1258.350101,9030.512492
3725.841873,153.219100,888.247130,8882.471304
3725.842188,842.705048,-0.000000,9104.533087
3725.842502,459.657299,-592.164754,9622.677246
3725.842817,0.000000,-296.082377,10214.842000
3725.843131,0.000000,-222.061783,10807.006753
3725.843446,383.047749,-0.000000,10584.944971
3725.843760,229.828649,518.144159,9696.697840
3725.844075,0.000000,1184.329507,8734.430116
3725.844389,0.000000,1184.329507,8882.471304
3725.844704,0.000000,518.144159,8660.409521
3725.845018,153.219100,-444.123565,9178.553681
3725.845333,536.266849,-888.247130,9622.677246
3725.845647,153.219100,-1036.288319,10436.903782
3725.845962,306.438199,-370.102971,10362.883188
3725.846277,153.219100,148.041188,10436.903782
3725.846591,459.657299,592.164754,10362.883188
3725.846906,383.047749,1332.370696,9622.677246
3725.847220,383.047749,1554.432478,8586.388927
3725.847535,383.047749,1332.370696,8438.347739
3725.847849,766.095498,592.164754,8734.430116
3725.848164,919.314598,-1036.288319,9400.615463
3725.848478,306.438199,-814.226536,9548.656652
3725.848793,0.000000,-1036.288319,10955.047942
3725.849107,0.000000,-444.123565,10807.006753
3725.849422,229.828649,-0.000000,10658.965565
3725.849736,153.219100,888.247130,9770.718434
3725.850051,76.609550,1332.370696,8586.388927
3725.850365,0.000000,1554.432478,8364.327145
3725.850680,229.828649,814.226536,8882.471304
3725.850995,306.438199,-148.041188,8956.491898
3725.851309,536.266849,-666.185348,9548.656652
3725.851624,0.000000,-444.123565,9844.739029
3725.851938,-306.438199,-0.000000,11029.068536
3725.852253,153.219100,370.102971,11103.089130
3725.852567,76.609550,592.164754,10807.006753
3725.852882,-153.219100,1332.370696,9844.739029
3725.853196,-153.219100,1184.329507,8808.450710
3725.853511,0.000000,1184.329507,8882.471304
3725.853825,229.828649,370.102971,9252.574275
3725.854140,536.266849,-740.205942,9252.574275
3725.854454,153.219100,-1332.370696,9548.656652
3725.854769,-383.047749,-814.226536,9992.780217
3725.855083,-306.438199,-518.144159,10658.965565
3725.855398,-383.047749,296.082377,10510.924376
3725.855713,-229.828649,740.205942,9622.677246
3725.856027,-536.266849,592.164754,8882.471304
3725.856342,-459.657299,296.082377,9104.533087
3725.856656,0.000000,-148.041188,9252.574275
3725.856971,0.000000,-666.185348,9474.636058
3725.857285,0.000000,-814.226536,10140.821405
3725.857599,0.000000,-740.205942,10140.821405
3725.857914,306.438199,-0.000000,10881.027347
3725.858228,229.828649,-0.000000,11029.068536
3725.858543,153.219100,962.267725,10362.883188
3725.858857,0.000000,1110.308913,9104.533087
3725.859172,0.000000,962.267725,8216.285956
3725.859486,536.266849,-0.000000,8808.450710
3725.859801,153.219100,-518.144159,9178.553681
3725.860115,229.828649,-1258.350101,9474.636058
3725.860430,306.438199,-1332.370696,9548.656652
3725.860744,0.000000,-962.267725,10436.903782
3725.861059,153.219100,-666.185348,10362.883188
3725.861373,383.047749,518.144159,9844.739029
3725.861687,153.219100,888.247130,8882.471304
3725.862002,229.828649,814.226536,8068.244768
3725.862316,76.609550,592.164754,8290.306550
3725.862631,689.485948,-148.041188,9178.553681
3725.862945,536.266849,-740.205942,9400.615463
3725.863260,76.609550,-814.226536,9918.759623
3725.863574,76.609550,-814.226536,10362.883188
3725.863889,229.828649,-148.041188,10955.047942
3725.864203,306.438199,-0.000000,10807.006753
3725.864518,153.219100,1110.308913,9474.636058
3725.864832,306.438199,1036.288319,8512.368333
3725.865147,229.828649,888.247130,7994.224174
3725.865461,536.266849,518.144159,8290.306550
3725.865775,689.485948,-296.082377,8364.327145
3725.866090,306.438199,-1258.350101,8734.430116
3725.866404,0.000000,-888.247130,9474.636058
3725.866719,-383.047749,-740.205942,10436.903782
3725.867033,0.000000,-370.102971,10955.047942
3725.867348,-612.876398,222.061783,10362.883188
3725.867662,-766.095498,666.185348,9104.533087
3725.867977,-766.095498,962.267725,9030.512492
3725.868291,-229.828649,740.205942,8586.388927
3725.868606,689.485948,-370.102971,9252.574275
3725.868920,0.000000,-518.144159,9474.636058
3725.869235,459.657299,-518.144159,10066.800811
3725.869549,76.609550,222.061783,10288.862594
3725.869863,536.266849,444.123565,10807.006753
3725.870178,536.266849,814.226536,10881.027347
3725.870492,0.000000,814.226536,9548.656652
3725.870807,-229.828649,1184.329507,9474.636058
3725.871121,0.000000,1036.288319,8290.306550
3725.871436,842.705048,444.123565,8882.471304
3725.871750,689.485948,-370.102971,9474.636058
3725.872065,306.438199,-666.185348,9696.697840
3725.872379,0.000000,-222.061783,9992.780217
3725.872694,153.219100,-0.000000,10288.862594
3725.873008,536.266849,148.041188,10881.027347
3725.873323,76.609550,962.267725,10140.821405
3725.873637,306.438199,1406.391290,9252.574275
3725.873951,-306.438199,1406.391290,9326.594869
3725.874266,536.266849,962.267725,8808.450710
3725.874580,612.876398,370.102971,9770.718434
3725.874895,229.828649,-148.041188,9918.759623
3725.875209,0.000000,-0.000000,10140.821405
3725.875524,-153.219100,-148.041188,10732.986159
3725.875838,76.609550,-0.000000,10658.965565
3725.876153,459.657299,740.205942,10214.842000
3725.876467,153.219100,1480.411884,9104.533087
3725.876782,0.000000,1258.350101,8512.368333
3725.877096,383.047749,814.226536,8512.368333
3725.877411,383.047749,-222.061783,8956.491898
3725.877725,306.438199,-814.226536,9474.636058
3725.878040,0.000000,-888.247130,9474.636058
3725.878354,-383.047749,-444.123565,10140.821405
3725.878668,-229.828649,-74.020594,10584.944971
3725.878983,0.000000,-0.000000,10807.006753
3725.879297,-229.828649,1110.308913,9474.636058
3725.879612,-306.438199,1184.329507,8734.430116
3725.879926,0.000000,1184.329507,8586.388927
3725.880241,612.876398,370.102971,8808.450710
3725.880555,229.828649,-148.041188,9104.533087
3725.880870,-153.219100,-814.226536,9770.718434
3725.881184,-612.876398,-814.226536,10214.842000
3725.881499,-306.438199,-518.144159,11177.109724
3725.881813,0.000000,148.041188,10288.862594
3725.882128,153.219100,592.164754,9844.739029
3725.882442,0.000000,1110.308913,9178.553681
3725.882756,-229.828649,1258.350101,9104.533087
3725.883071,229.828649,666.185348,8734.430116
3725.883385,536.266849,-666.185348,8956.491898
3725.883700,536.266849,-740.205942,9252.574275
3725.884014,229.828649,-740.205942,10140.821405
3725.884329,0.000000,-518.144159,10362.883188
3725.884643,153.219100,-0.000000,11177.109724
3725.884958,0.000000,444.123565,10214.842000
3725.885272,153.219100,518.144159,9400.615463
3725.885587,0.000000,1110.308913,8808.450710
3725.885901,0.000000,666.185348,8660.409521
3725.886216,612.876398,-0.000000,9104.533087
3725.886530,383.047749,-1036.288319,9030.512492
3725.886844,383.047749,-1480.411884,9770.718434
3725.887159,-383.047749,-1036.288319,10436.903782
3725.887473,-383.047749,-740.205942,10436.903782
3725.887788,0.000000,-74.020594,10362.883188
3725.888102,153.219100,592.164754,9400.615463
3725.888417,-306.438199,370.102971,9326.594869
3725.888731,0.000000,592.164754,8438.347739
3725.889046,153.219100,-148.041188,8734.430116
3725.889360,306.438199,-814.226536,9030.512492
3725.889675,459.657299,-1406.391290,9474.636058
3725.889989,306.438199,-1258.350101,9918.759623
3725.890304,153.219100,-444.123565,10807.006753
3725.890618,459.657299,-0.000000,10362.883188
3725.890932,153.219100,814.226536,9770.718434
3725.891247,76.609550,1554.432478,8438.347739
3725.891561,383.047749,740.205942,8142.265362
3725.891876,306.438199,-0.000000,8438.347739
3725.892190,766.095498,-592.164754,9178.553681
3725.892505,229.828649,-1184.329507,9770.718434
3725.892819,76.609550,-1036.288319,10584.944971
3725.893134,153.219100,-444.123565,11177.109724
3725.893448,153.219100,296.082377,11547.212695
3725.893763,536.266849,888.247130,10881.027347
3725.894077,383.047749,1258.350101,9252.574275
3725.894392,459.657299,1480.411884,8512.368333
3725.894706,536.266849,1184.329507,8438.347739
3725.895020,536.266849,666.185348,8956.491898
3725.895335,842.705048,-0.000000,9178.553681
3725.895649,153.219100,-666.185348,9548.656652
3725.895964,76.609550,-592.164754,10288.862594
3725.896278,76.609550,-74.020594,10658.965565
3725.896593,459.657299,370.102971,10362.883188
3725.896907,76.609550,962.267725,9918.759623
3725.897222,0.000000,1184.329507,8808.450710
3725.897536,0.000000,1332.370696,8290.306550
3725.897851,0.000000,592.164754,8734.430116
3725.898165,229.828649,-0.000000,9252.574275
3725.898480,-229.828649,-592.164754,9474.636058
3725.898794,-459.657299,-444.123565,10066.800811
3725.899108,-459.657299,-0.000000,10658.965565
3725.899423,-306.438199,-74.020594,10881.027347
3725.899737,-459.657299,518.144159,10807.006753
3725.900052,-536.266849,814.226536,9622.677246
3725.900366,-306.438199,1554.432478,9252.574275
3725.900681,-153.219100,1110.308913,8882.471304
3725.900995,459.657299,296.082377,8956.491898
3725.901310,689.485948,-518.144159,9178.553681
3725.901624,459.657299,-592.164754,9400.615463
3725.901939,383.047749,148.041188,9992.780217
3725.902253,689.485948,-148.041188,10510.924376
3725.902568,612.876398,-0.000000,9918.759623
3725.902882,76.609550,1036.288319,9400.615463
3725.903196,229.828649,1332.370696,8364.327145
3725.903511,153.219100,962.267725,8438.347739
3725.903825,459.657299,444.123565,9474.636058
3725.904140,306.438199,-0.000000,9696.697840
3725.904454,-229.828649,-740.205942,9992.780217
3725.904769,-229.828649,-518.144159,10214.842000
3725.905083,-229.828649,-148.041188,11251.130318
3725.905398,0.000000,444.123565,11621.233289
3725.905712,229.828649,1110.308913,10658.965565
3725.906027,0.000000,1850.514855,9400.615463
3725.906341,0.000000,1998.556043,8512.368333
3725.906656,459.657299,1480.411884,8956.491898
3725.906970,919.314598,296.082377,8882.471304
3725.907285,306.438199,-592.164754,9178.553681
3725.907599,153.219100,-666.185348,9992.780217
3725.907913,0.000000,-444.123565,10510.924376
3725.908228,0.000000,-296.082377,10584.944971
3725.908542,-306.438199,296.082377,10510.924376
3725.908857,-536.266849,740.205942,9474.636058
3725.909171,-459.657299,888.247130,8512.368333
3725.909486,0.000000,518.144159,8512.368333
3725.909800,229.828649,-148.041188,9030.512492
3725.910115,0.000000,-1258.350101,9252.574275
3725.910429,-229.828649,-1332.370696,10066.800811
3725.910744,-459.657299,-1110.308913,10881.027347
3725.911058,-306.438199,-296.082377,11399.171507
3725.911373,76.609550,-0.000000,10732.986159
3725.911687,0.000000,666.185348,9326.594869
3725.912001,383.047749,1036.288319,8438.347739
3725.912316,229.828649,814.226536,7772.162391
3725.912630,612.876398,148.041188,8438.347739
3725.912945,459.657299,-370.102971,9030.512492
3725.913259,76.609550,-1110.308913,9178.553681
3725.913574,76.609550,-1554.432478,10288.862594
3725.913888,-153.219100,-1258.350101,10510.924376
3725.914203,153.219100,-814.226536,10436.903782
3725.914517,0.000000,-0.000000,9844.739029
3725.914832,0.000000,814.226536,9252.574275
3725.915146,0.000000,444.123565,8808.450710
3725.915461,0.000000,370.102971,8512.368333
3725.915775,536.266849,-296.082377,8586.388927
3725.916089,229.828649,-814.226536,9474.636058
3725.916404,0.000000,-518.144159,9844.739029
3725.916718,0.000000,-0.000000,10955.047942
3725.917033,0.000000,-0.000000,10881.027347
3725.917347,76.609550,444.123565,10362.883188
3725.917662,153.219100,888.247130,9474.636058
3725.917976,0.000000,962.267725,8512.368333
3725.918291,0.000000,592.164754,9178.553681
3725.918605,229.828649,-148.041188,9030.512492
3725.918920,0.000000,-740.205942,9178.553681
3725.919234,-229.828649,-1184.329507,9622.677246
3725.919549,-229.828649,-814.226536,9696.697840
3725.919863,0.000000,-666.185348,10362.883188
3725.920177,76.609550,148.041188,10140.821405
3725.920492,459.657299,592.164754,9178.553681
3725.920806,229.828649,740.205942,8290.306550
3725.921121,0.000000,962.267725,8068.244768
3725.921435,459.657299,444.123565,8808.450710
3725.921750,766.095498,-444.123565,9030.512492
3725.922064,383.047749,-962.267725,9992.780217
3725.922379,-383.047749,-888.247130,10362.883188
3725.922693,306.438199,-74.020594,10658.965565
3725.923008,153.219100,370.102971,10807.006753
3725.923322,229.828649,888.247130,10288.862594
3725.923637,229.828649,1554.432478,9252.574275
3725.923951,0.000000,1258.350101,8586.388927
3725.924265,0.000000,444.123565,8660.409521
3725.924580,153.219100,-222.061783,8808.450710
3725.924894,76.609550,-814.226536,9474.636058
3725.925209,0.000000,-666.185348,9918.759623
3725.925523,76.609550,-74.020594,10807.006753
3725.925838,536.266849,-0.000000,11251.130318
3725.926152,0.000000,962.267725,10658.965565
3725.926467,-229.828649,1628.453072,9474.636058
3725.926781,0.000000,1776.494261,9326.594869
3725.927096,76.609550,1554.432478,8882.471304
3725.927410,766.095498,1184.329507,9030.512492
3725.927725,766.095498,222.061783,9474.636058
3725.928039,229.828649,-444.123565,9844.739029
3725.928353,-153.219100,-74.020594,10510.924376
3725.928668,-306.438199,-0.000000,10807.006753
3725.928982,0.000000,370.102971,10732.986159
3725.929297,76.609550,888.247130,9844.739029
3725.929611,0.000000,1258.350101,8956.491898
3725.929926,0.000000,1332.370696,8660.409521
3725.930240,153.219100,740.205942,8734.430116
3725.930555,612.876398,-0.000000,9474.636058
3725.930869,536.266849,-222.061783,9474.636058
3725.931184,459.657299,-148.041188,9474.636058
3725.931498,383.047749,-0.000000,10214.842000
3725.931813,383.047749,-0.000000,10510.924376
3725.932127,306.438199,-0.000000,9696.697840
3725.932442,0.000000,1110.308913,8734.430116
3725.932756,-153.219100,814.226536,8364.327145
3725.933070,76.609550,592.164754,8512.368333
3725.933385,766.095498,-370.102971,8660.409521
3725.933699,383.047749,-814.226536,8808.450710
3725.934014,0.000000,-1036.288319,9992.780217
3725.934328,-459.657299,-592.164754,11177.109724
3725.934643,-229.828649,-148.041188,10732.986159
3725.934957,0.000000,370.102971,10732.986159
3725.935272,0.000000,740.205942,9474.636058
3725.935586,229.828649,1406.391290,8660.409521
3725.935901,383.047749,962.267725,8290.306550
3725.936215,612.876398,-0.000000,9104.533087
3725.936530,612.876398,-592.164754,9474.636058
3725.936844,766.095498,-814.226536,9548.656652
3725.937158,306.438199,-370.102971,9622.677246
3725.937473,383.047749,-222.061783,10881.027347
3725.937787,0.000000,-0.000000,10732.986159
3725.938102,0.000000,370.102971,9770.718434
3725.938416,-306.438199,814.226536,9030.512492
3725.938731,-229.828649,1036.288319,8586.388927
3725.939045,153.219100,444.123565,8956.491898
3725.939360,383.047749,-296.082377,9178.553681
3725.939674,76.609550,-888.247130,9844.739029
3725.939989,-229.828649,-740.205942,10066.800811
3725.940303,-76.609550,-74.020594,10658.965565
3725.940618,0.000000,-0.000000,10955.047942
3725.940932,0.000000,666.185348,10214.842000
3725.941246,-153.219100,1184.329507,9178.553681
3725.941561,-459.657299,1036.288319,8660.409521
3725.941875,0.000000,444.123565,9548.656652
3725.942190,0.000000,-0.000000,9326.594869
3725.942504,153.219100,-666.185348,9474.636058
3725.942819,-689.485948,-814.226536,9992.780217
3725.943133,-383.047749,-666.185348,10881.027347
3725.943448,153.219100,-518.144159,10510.924376
3725.943762,0.000000,-0.000000,9918.759623
3725.944077,0.000000,666.185348,9474.636058
3725.944391,76.609550,592.164754,8586.388927
3725.944706,0.000000,444.123565,8068.244768
3725.945020,229.828649,-148.041188,9178.553681
3725.945334,306.438199,-740.205942,9252.574275
3725.945649,153.219100,-1480.411884,9548.656652
3725.945963,0.000000,-1110.308913,10436.903782
3725.946278,0.000000,-518.144159,10584.944971
3725.946592,766.095498,296.082377,10658.965565
3725.946907,306.438199,1110.308913,9918.759623
3725.947221,306.438199,1184.329507,9178.553681
3725.947536,459.657299,740.205942,8734.430116
3725.947850,612.876398,592.164754,8438.347739
3725.948165,1072.533697,-222.061783,9326.594869
3725.948479,612.876398,-592.164754,9548.656652
3725.948794,766.095498,-962.267725,10140.821405
3725.949108,229.828649,-370.102971,10436.903782
3725.949422,536.266849,-222.061783,10732.986159
3725.949737,459.657299,296.082377,10732.986159
3725.950051,76.609550,1184.329507,9178.553681
3725.950366,536.266849,1480.411884,8512.368333
3725.950680,689.485948,814.226536,8216.285956
3725.950995,1072.533697,370.102971,8586.388927
3725.951309,689.485948,-370.102971,8956.491898
3725.951624,0.000000,-444.123565,9474.636058
3725.951938,153.219100,-814.226536,10510.924376
3725.952253,0.000000,-0.000000,10881.027347
3725.952567,0.000000,518.144159,10732.986159
3725.952882,-306.438199,592.164754,9844.739029
3725.953196,0.000000,1110.308913,9104.533087
3725.953510,-766.095498,1110.308913,8882.471304
3725.953825,0.000000,814.226536,8660.409521
3725.954139,306.438199,-0.000000,9104.533087
3725.954454,-153.219100,-666.185348,9474.636058
3725.954768,-229.828649,-74.020594,9844.739029
3725.955083,-229.828649,-74.020594,10214.842000
3725.955397,-306.438199,148.041188,10436.903782
3725.955712,-153.219100,370.102971,10214.842000
3725.956026,-383.047749,1110.308913,8882.471304
3725.956340,-459.657299,1332.370696,8734.430116
3725.956655,76.609550,740.205942,8956.491898
3725.956969,0.000000,-0.000000,8882.471304
3725.957284,-153.219100,-518.144159,9474.636058
3725.957598,-306.438199,-592.164754,10066.800811
3725.957913,-536.266849,-740.205942,10955.047942
3725.958227,0.000000,-222.061783,11029.068536
3725.958541,-153.219100,370.102971,10214.842000
3725.958856,-459.657299,1036.288319,9992.780217
3725.959170,-536.266849,1628.453072,9326.594869
3725.959485,-306.438199,1332.370696,9104.533087
3725.959799,536.266849,518.144159,9178.553681
3725.960114,612.876398,-74.020594,9474.636058
3725.960428,459.657299,-296.082377,9622.677246
3725.960742,0.000000,-74.020594,10436.903782
3725.961057,76.609550,-0.000000,11177.109724
3725.961371,383.047749,-148.041188,10881.027347
3725.961686,306.438199,740.205942,9844.739029
3725.962000,0.000000,1332.370696,9104.533087
3725.962315,229.828649,1184.329507,8660.409521
3725.962629,-76.609550,296.082377,9030.512492
3725.962944,459.657299,-444.123565,9030.512492
3725.963258,229.828649,-1184.329507,9326.594869
3725.963572,0.000000,-1184.329507,10066.800811
3725.963887,0.000000,-888.247130,10732.986159
3725.964201,612.876398,-222.061783,10584.944971
3725.964516,689.485948,888.247130,9474.636058
3725.964830,766.095498,1628.453072,8734.430116
3725.965145,383.047749,1480.411884,8142.265362
3725.965459,919.314598,1110.308913,8586.388927
3725.965773,919.314598,-0.000000,8290.306550
3725.966088,766.095498,-962.267725,8808.450710
3725.966402,76.609550,-1184.329507,9992.780217
3725.966717,0.000000,-1036.288319,10510.924376
3725.967031,76.609550,-740.205942,10584.944971
3725.967346,76.609550,-296.082377,10732.986159
3725.967660,383.047749,740.205942,9178.553681
3725.967974,306.438199,1036.288319,8660.409521
3725.968289,229.828649,1184.329507,8660.409521
3725.968603,842.705048,222.061783,9030.512492
3725.968918,766.095498,-666.185348,8364.327145
3725.969232,229.828649,-1184.329507,9030.512492
3725.969547,0.000000,-814.226536,10066.800811
3725.969861,76.609550,-518.144159,10881.027347
3725.970175,0.000000,148.041188,10881.027347
3725.970490,0.000000,1110.308913,9696.697840
3725.970804,-153.219100,1480.411884,8956.491898
3725.971119,-612.876398,1332.370696,8660.409521
3725.971433,-459.657299,-0.000000,9400.615463
3725.971748,-306.438199,-592.164754,10066.800811
3725.972062,-842.705048,-1258.350101,9992.780217
3725.972377,-689.485948,-666.185348,10362.883188
3725.972691,-919.314598,-74.020594,11177.109724
3725.973005,-766.095498,74.020594,11177.109724
3725.973320,-383.047749,814.226536,10584.944971
3725.973634,0.000000,1406.391290,9622.677246
3725.973949,-229.828649,1406.391290,8882.471304
3725.974263,0.000000,1110.308913,8216.285956
3725.974578,153.219100,-0.000000,8660.409521
3725.974892,229.828649,-444.123565,9104.533087
3725.975206,-306.438199,-1258.350101,9474.636058
3725.975521,-229.828649,-740.205942,10288.862594
3725.975835,0.000000,-74.020594,10881.027347
3725.976150,0.000000,148.041188,10436.903782
3725.976464,-612.876398,814.226536,9252.574275
3725.976779,-612.876398,1110.308913,8660.409521
3725.977093,-612.876398,740.205942,9252.574275
3725.977407,0.000000,-0.000000,9474.636058
3725.977722,76.609550,-444.123565,8882.471304
3725.978036,76.609550,-1036.288319,9474.636058
3725.978351,459.657299,-444.123565,9918.759623
3725.978665,383.047749,-148.041188,10584.944971
3725.978980,919.314598,370.102971,10510.924376
3725.979294,1302.362347,740.205942,9992.780217
3725.979608,689.485948,1184.329507,8142.265362
3725.979923,612.876398,962.267725,7772.162391
3725.980237,766.095498,444.123565,8512.368333
3725.980552,459.657299,-666.185348,8808.450710
3725.980866,76.609550,-1184.329507,9326.594869
3725.981181,-306.438199,-1850.514855,10066.800811
3725.981495,0.000000,-1406.391290,10955.047942
3725.981810,0.000000,-444.123565,11103.089130
3725.982124,229.828649,518.144159,10584.944971
3725.982438,153.219100,740.205942,9252.574275
3725.982753,306.438199,1554.432478,8586.388927
3725.983067,383.047749,1332.370696,8290.306550
3725.983382,689.485948,592.164754,8660.409521
3725.983696,766.095498,-222.061783,8808.450710
3725.984011,536.266849,-814.226536,9104.533087
3725.984325,459.657299,-148.041188,10066.800811
3725.984639,612.876398,-148.041188,11251.130318
3725.984954,76.609550,222.061783,10732.986159
3725.985268,0.000000,888.247130,9474.636058
3725.985583,-229.828649,1554.432478,9252.574275
3725.985897,-383.047749,1036.288319,8438.347739
3725.986212,76.609550,-0.000000,9030.512492
3725.986526,383.047749,-740.205942,9252.574275
3725.986840,76.609550,-1184.329507,9474.636058
3725.987155,76.609550,-518.144159,10362.883188
3725.987469,306.438199,-222.061783,10140.821405
3725.987784,383.047749,370.102971,10955.047942
3725.988098,153.219100,1332.370696,9844.739029
3725.988413,459.657299,1998.556043,8882.471304
3725.988727,383.047749,1850.514855,8586.388927
3725.989041,842.705048,1110.308913,8660.409521
3725.989356,766.095498,370.102971,9030.512492
3725.989670,153.219100,-444.123565,9548.656652
3725.989985,-306.438199,-814.226536,10288.862594
3725.990299,-229.828649,-592.164754,10436.903782
3725.990614,0.000000,-0.000000,10658.965565
3725.990928,0.000000,296.082377,10584.944971
3725.991243,-536.266849,1184.329507,9696.697840
3725.991557,-612.876398,1184.329507,9326.594869
3725.991871,-153.219100,888.247130,8660.409521
3725.992186,0.000000,222.061783,8956.491898
3725.992500,0.000000,-518.144159,9400.615463
3725.992815,-306.438199,-1036.288319,10140.821405
3725.993129,-306.438199,-444.123565,10658.965565
3725.993444,0.000000,-0.000000,10807.006753
3725.993758,0.000000,814.226536,10732.986159
3725.994072,0.000000,1776.494261,10140.821405
3725.994387,0.000000,1628.453072,9030.512492
3725.994701,383.047749,592.164754,8734.430116
3725.995016,459.657299,222.061783,9252.574275
3725.995330,306.438199,-666.185348,9918.759623
3725.995645,0.000000,-1036.288319,9252.574275
3725.995959,0.000000,-666.185348,9918.759623
3725.996273,459.657299,-148.041188,10807.006753
3725.996588,459.657299,-0.000000,10214.842000
3725.996902,689.485948,1036.288319,9696.697840
3725.997217,306.438199,1332.370696,8586.388927
3725.997531,306.438199,1554.432478,8438.347739
3725.997846,536.266849,740.205942,7920.203579
3725.998160,689.485948,-0.000000,8216.285956
3725.998474,306.438199,-888.247130,9622.677246
3725.998789,229.828649,-1258.350101,9918.759623
3725.999103,0.000000,-962.267725,10288.862594
3725.999418,0.000000,-0.000000,10658.965565
3725.999732,153.219100,518.144159,10658.965565
3726.000047,153.219100,962.267725,9400.615463
3726.000361,0.000000,1036.288319,8882.471304
3726.000676,153.219100,666.185348,8660.409521
3726.000990,612.876398,-0.000000,8660.409521
3726.001304,612.876398,-592.164754,8956.491898
3726.001619,0.000000,-888.247130,9474.636058
3726.001933,229.828649,-592.164754,10140.821405
3726.002248,153.219100,-444.123565,10510.924376
3726.002562,229.828649,-0.000000,10436.903782
3726.002877,0.000000,518.144159,9844.739029
3726.003191,-383.047749,666.185348,8808.450710
3726.003505,-612.876398,592.164754,9104.533087
3726.003820,0.000000,-296.082377,9400.615463
3726.004134,0.000000,-518.144159,9326.594869
3726.004449,-459.657299,-1332.370696,9548.656652
3726.004763,-306.438199,-1332.370696,10066.800811
3726.005078,-306.438199,-666.185348,11177.109724
3726.005392,306.438199,-74.020594,10732.986159
3726.005706,383.047749,888.247130,10140.821405
3726.006021,689.485948,1406.391290,9474.636058
3726.006335,306.438199,1406.391290,8660.409521
3726.006650,536.266849,888.247130,7994.224174
3726.006964,842.705048,-222.061783,8882.471304
3726.007279,383.047749,-740.205942,8882.471304
3726.007593,306.438199,-1332.370696,9474.636058
3726.007907,0.000000,-592.164754,9918.759623
3726.008222,76.609550,-74.020594,11251.130318
3726.008536,0.000000,-0.000000,10066.800811
3726.008851,0.000000,296.082377,9030.512492
3726.009165,-306.438199,1406.391290,9326.594869
3726.009480,-612.876398,666.185348,8438.347739
3726.009794,-229.828649,-74.020594,8882.471304
3726.010109,76.609550,-814.226536,9400.615463
3726.010423,76.609550,-1110.308913,9844.739029
3726.010737,-153.219100,-444.123565,10436.903782
3726.011052,0.000000,-74.020594,11695.253884
3726.011366,306.438199,370.102971,10732.986159
3726.011681,612.876398,1184.329507,9548.656652
3726.011995,306.438199,1998.556043,8586.388927
3726.012310,229.828649,1184.329507,8068.244768
3726.012624,612.876398,-0.000000,8734.430116
3726.012938,995.924147,-444.123565,8882.471304
3726.013253,229.828649,-1406.391290,8882.471304
3726.013567,0.000000,-1036.288319,9918.759623
3726.013882,-153.219100,-814.226536,10584.944971
3726.014196,-153.219100,-74.020594,10362.883188
3726.014511,0.000000,222.061783,10584.944971
3726.014825,76.609550,592.164754,9696.697840
3726.015139,0.000000,1554.432478,8586.388927
3726.015454,-229.828649,1110.308913,8512.368333
3726.015768,536.266849,-148.041188,9104.533087
3726.016083,612.876398,-148.041188,9548.656652
3726.016397,536.266849,-370.102971,9474.636058
3726.016712,153.219100,-444.123565,10658.965565
3726.017026,383.047749,-0.000000,10807.006753
3726.017340,459.657299,370.102971,10362.883188
3726.017655,153.219100,1036.288319,9400.615463
3726.017969,306.438199,962.267725,9104.533087
3726.018284,0.000000,962.267725,8586.388927
3726.018598,766.095498,222.061783,9030.512492
3726.018913,612.876398,-888.247130,8808.450710
3726.019227,0.000000,-962.267725,9400.615463
3726.019542,306.438199,-370.102971,9548.656652
3726.019856,689.485948,444.123565,10288.862594
3726.020170,383.047749,444.123565,10510.924376
3726.020485,76.609550,1036.288319,9844.739029
3726.020799,76.609550,1332.370696,8882.471304
3726.021114,0.000000,1628.453072,8808.450710
3726.021428,0.000000,962.267725,9178.553681
3726.021743,383.047749,370.102971,9696.697840
3726.022057,306.438199,-444.123565,10214.842000
3726.022371,0.000000,-592.164754,9844.739029
3726.022686,-306.438199,-0.000000,10362.883188
3726.023000,0.000000,444.123565,11103.089130
3726.023315,229.828649,1110.308913,10584.944971
3726.023629,153.219100,1480.411884,9400.615463
3726.023944,0.000000,1480.411884,8438.347739
3726.024258,306.438199,962.267725,8512.368333
3726.024572,612.876398,370.102971,9030.512492
3726.024887,459.657299,-518.144159,8882.471304
3726.025201,229.828649,-1110.308913,9622.677246
3726.025516,-229.828649,-888.247130,10436.903782
3726.025830,0.000000,-444.123565,10807.006753
3726.026145,76.609550,148.041188,10510.924376
3726.026459,-229.828649,666.185348,9770.718434
3726.026773,-229.828649,1258.350101,8882.471304
3726.027088,-153.219100,1332.370696,8660.409521
3726.027402,0.000000,740.205942,9252.574275
3726.027717,306.438199,-148.041188,9474.636058
3726.028031,0.000000,-962.267725,9400.615463
3726.028346,-612.876398,-888.247130,10881.027347
3726.028660,-383.047749,-592.164754,10807.006753
3726.028975,0.000000,-0.000000,11103.089130
3726.029289,-306.438199,1036.288319,10362.883188
3726.029603,0.000000,962.267725,9548.656652
3726.029918,-229.828649,1184.329507,8808.450710
3726.030232,306.438199,370.102971,8808.450710
3726.030547,536.266849,-370.102971,9178.553681
3726.030861,306.438199,-814.226536,9252.574275
3726.031176,0.000000,-1036.288319,9252.574275
3726.031490,-306.438199,-296.082377,9918.759623
3726.031804,306.438199,-666.185348,10584.944971
3726.032119,0.000000,-148.041188,10436.903782
3726.032433,229.828649,740.205942,9326.594869
3726.032748,153.219100,1036.288319,8290.306550
3726.033062,459.657299,814.226536,8142.265362
3726.033377,536.266849,-0.000000,8438.347739
3726.033691,612.876398,-592.164754,9030.512492
3726.034005,0.000000,-1036.288319,9622.677246
3726.034320,76.609550,-1184.329507,10807.006753
3726.034634,76.609550,-666.185348,10881.027347
3726.034949,383.047749,-0.000000,10807.006753
3726.035263,153.219100,444.123565,9770.718434
3726.035578,0.000000,1036.288319,8882.471304
3726.035892,76.609550,1332.370696,8734.430116
3726.036206,306.438199,-0.000000,8438.347739
3726.036521,536.266849,-592.164754,8808.450710
3726.036835,76.609550,-1332.370696,9104.533087
3726.037150,0.000000,-1406.391290,9474.636058
3726.037464,153.219100,-592.164754,10288.862594
3726.037779,153.219100,-148.041188,10362.883188
3726.038093,0.000000,296.082377,10362.883188
3726.038408,-383.047749,1110.308913,9400.615463
3726.038722,-306.438199,1406.391290,8438.347739
3726.039036,76.609550,518.144159,8068.244768
3726.039351,0.000000,-222.061783,9252.574275
3726.039665,-153.219100,-1258.350101,9844.739029
3726.039980,-689.485948,-1036.288319,10436.903782
3726.040294,-536.266849,-296.082377,11177.109724
3726.040609,0.000000,-222.061783,11325.150913
3726.040923,0.000000,370.102971,10955.047942
3726.041237,383.047749,1258.350101,9992.780217
3726.041552,-153.219100,1554.432478,8808.450710
3726.041866,0.000000,1332.370696,8364.327145
3726.042181,229.828649,-0.000000,8438.347739
3726.042495,919.314598,-444.123565,8882.471304
3726.042810,459.657299,-814.226536,9474.636058
3726.043124,76.609550,-666.185348,9918.759623
3726.043438,0.000000,-444.123565,10584.944971
3726.043753,-153.219100,-148.041188,10807.006753
3726.044067,0.000000,666.185348,9992.780217
3726.044382,153.219100,1332.370696,9400.615463
3726.044696,0.000000,1480.411884,8808.450710
3726.045011,306.438199,740.205942,8882.471304
3726.045325,-153.219100,-222.061783,8882.471304
3726.045639,0.000000,-296.082377,9622.677246
3726.045954,-536.266849,-444.123565,10140.821405
3726.046268,-153.219100,148.041188,11251.130318
3726.046583,306.438199,444.123565,11547.212695
3726.046897,153.219100,518.144159,10881.027347
3726.047212,306.438199,1554.432478,9770.718434
3726.047526,0.000000,1332.370696,9400.615463
3726.047841,229.828649,888.247130,8734.430116
3726.048155,842.705048,-0.000000,8734.430116
3726.048469,536.266849,-814.226536,9104.533087
3726.048784,612.876398,-1110.308913,9474.636058
3726.049098,306.438199,-222.061783,9474.636058
3726.049413,153.219100,-74.020594,10436.903782
3726.049727,306.438199,296.082377,10214.842000
3726.050042,612.876398,1258.350101,9992.780217
3726.050356,306.438199,1332.370696,8882.471304
3726.050670,536.266849,1036.288319,8660.409521
3726.050985,766.095498,814.226536,8734.430116
3726.051299,766.095498,-222.061783,8956.491898
3726.051614,229.828649,-666.185348,9622.677246
3726.051928,229.828649,-444.123565,10140.821405
3726.052243,0.000000,-0.000000,10732.986159
3726.052557,76.609550,518.144159,10955.047942
3726.052871,0.000000,1258.350101,10214.842000
3726.053186,-306.438199,1554.432478,9474.636058
3726.053500,306.438199,1258.350101,8882.471304
3726.053815,229.828649,740.205942,8734.430116
3726.054129,842.705048,-148.041188,9030.512492
3726.054444,995.924147,-222.061783,8734.430116
3726.054758,229.828649,-1036.288319,9104.533087
3726.055073,229.828649,-0.000000,10140.821405
3726.055387,229.828649,-0.000000,10732.986159
3726.055702,229.828649,740.205942,10066.800811
3726.056016,-383.047749,1184.329507,9474.636058
3726.056331,-459.657299,1628.453072,8660.409521
3726.056645,-536.266849,740.205942,9030.512492
3726.056960,-229.828649,444.123565,9178.553681
3726.057274,-383.047749,-592.164754,9770.718434
3726.057589,-229.828649,-1036.288319,9696.697840
3726.057903,-689.485948,-888.247130,10658.965565
3726.058218,-689.485948,-148.041188,11325.150913
3726.058532,-689.485948,518.144159,10955.047942
3726.058847,-383.047749,1332.370696,9770.718434
3726.059161,-383.047749,1110.308913,9252.574275
3726.059476,0.000000,740.205942,9030.512492
3726.059790,-153.219100,370.102971,8586.388927
3726.060105,306.438199,-962.267725,9030.512492
3726.060419,-229.828649,-1184.329507,9400.615463
3726.060734,153.219100,-962.267725,10288.862594
3726.061048,0.000000,-666.185348,10288.862594
3726.061363,0.000000,-222.061783,10436.903782
3726.061677,229.828649,-0.000000,9844.739029
3726.061992,76.609550,592.164754,9178.553681
3726.062306,0.000000,814.226536,8734.430116
3726.062621,76.609550,222.061783,9104.533087
3726.062935,0.000000,-592.164754,9104.533087
3726.063250,0.000000,-1110.308913,9474.636058
3726.063564,76.609550,-1258.350101,9992.780217
3726.063879,306.438199,-814.226536,10658.965565
3726.064193,459.657299,-592.164754,10807.006753
3726.064508,842.705048,370.102971,10732.986159
3726.064822,689.485948,1110.308913,9548.656652
3726.065137,612.876398,1036.288319,8068.244768
3726.065451,1149.143247,814.226536,7994.224174
3726.065766,1225.752797,222.061783,8364.327145
3726.066080,1072.533697,-666.185348,8512.368333
3726.066395,536.266849,-1110.308913,9030.512492
3726.066709,-229.828649,-1110.308913,9548.656652
3726.067024,76.609550,-740.205942,10807.006753
3726.067338,76.609550,-74.020594,10732.986159
3726.067653,-306.438199,518.144159,9770.718434
3726.067967,0.000000,1184.329507,9178.553681
3726.068282,153.219100,740.205942,8586.388927
3726.068596,383.047749,592.164754,8882.471304
3726.068911,766.095498,-74.020594,9178.553681
3726.069225,383.047749,-444.123565,9178.553681
3726.069540,0.000000,-666.185348,9696.697840
3726.069854,-689.485948,222.061783,10214.842000
3726.070169,229.828649,-74.020594,10881.027347
3726.070483,306.438199,296.082377,10436.903782
3726.070798,-306.438199,666.185348,9622.677246
3726.071112,-383.047749,814.226536,8660.409521
3726.071427,-536.266849,370.102971,9252.574275
3726.071741,0.000000,-0.000000,9400.615463
3726.072056,76.609550,-888.247130,9326.594869
3726.072370,-306.438199,-814.226536,9252.574275
3726.072685,0.000000,-740.205942,9992.780217
3726.072999,0.000000,-74.020594,10362.883188
3726.073314,0.000000,222.061783,10436.903782
3726.073628,-229.828649,1184.329507,9696.697840
3726.073943,-153.219100,1406.391290,8808.450710
3726.074257,0.000000,666.185348,8586.388927
3726.074572,0.000000,296.082377,9178.553681
3726.074886,383.047749,-592.164754,9696.697840
3726.075201,-536.266849,-666.185348,9918.759623
3726.075515,-153.219100,-444.123565,10807.006753
3726.075830,-766.095498,-148.041188,10732.986159
3726.076144,0.000000,518.144159,10510.924376
3726.076459,0.000000,666.185348,9992.780217
3726.076773,0.000000,1406.391290,9178.553681
3726.077088,153.219100,1332.370696,8660.409521
3726.077402,0.000000,814.226536,8512.368333
3726.077717,153.219100,-0.000000,9104.533087
3726.078031,0.000000,-444.123565,9030.512492
3726.078346,76.609550,-222.061783,9918.759623
3726.078660,76.609550,-148.041188,10955.047942
3726.078975,459.657299,148.041188,10584.944971
3726.079289,153.219100,666.185348,10436.903782
3726.079604,0.000000,1480.411884,9326.594869
3726.079919,0.000000,1776.494261,8734.430116
3726.080233,306.438199,1184.329507,8438.347739
3726.080548,689.485948,444.123565,8586.388927
3726.080862,536.266849,-592.164754,9104.533087
3726.081177,76.609550,-740.205942,9400.615463
3726.081491,-153.219100,-518.144159,10362.883188
3726.081806,0.000000,-296.082377,10955.047942
3726.082120,0.000000,370.102971,10955.047942
3726.082435,0.000000,962.267725,10288.862594
3726.082749,153.219100,1258.350101,9400.615463
3726.083064,459.657299,1184.329507,9104.533087
3726.083378,612.876398,740.205942,8734.430116
3726.083693,995.924147,296.082377,9400.615463
3726.084007,689.485948,-296.082377,9474.636058
3726.084322,383.047749,-962.267725,9992.780217
3726.084636,612.876398,-444.123565,10436.903782
3726.084951,766.095498,-222.061783,10658.965565
3726.085265,459.657299,370.102971,9918.759623
3726.085580,842.705048,1332.370696,9326.594869
3726.085894,383.047749,1480.411884,8660.409521
3726.086209,306.438199,814.226536,9104.533087
3726.086523,536.266849,-74.020594,8956.491898
3726.086838,153.219100,-888.247130,9400.615463
3726.087152,0.000000,-888.247130,10288.862594
3726.087467,-306.438199,-518.144159,10881.027347
3726.087781,-383.047749,-0.000000,11177.109724
3726.088096,0.000000,296.082377,10732.986159
3726.088410,-306.438199,962.267725,9844.739029
3726.088725,-612.876398,888.247130,9474.636058
3726.089039,0.000000,814.226536,9178.553681
3726.089354,383.047749,296.082377,9326.594869
3726.089668,0.000000,-74.020594,9474.636058
3726.089983,0.000000,-666.185348,9548.656652
3726.090297,306.438199,-592.164754,9770.718434
3726.090612,229.828649,-296.082377,10362.883188
3726.090926,76.609550,518.144159,9992.780217
3726.091241,0.000000,518.144159,9252.574275
3726.091555,0.000000,666.185348,8364.327145
3726.091870,-306.438199,518.144159,8290.306550
3726.092184,-306.438199,-0.000000,8660.409521
3726.092499,-229.828649,-1332.370696,9104.533087
3726.092813,-612.876398,-1776.494261,9770.718434
3726.093128,-536.266849,-1406.391290,10362.883188
3726.093442,-536.266849,-592.164754,10807.006753
3726.093757,-153.219100,-0.000000,10955.047942
3726.094071,76.609550,814.226536,9844.739029
3726.094386,612.876398,1332.370696,8586.388927
3726.094700,306.438199,1554.432478,8068.244768
3726.095015,612.876398,814.226536,8364.327145
3726.095329,383.047749,-0.000000,8512.368333
3726.095644,153.219100,-888.247130,9104.533087
3726.095958,-229.828649,-1480.411884,9770.718434
3726.096273,-383.047749,-888.247130,10584.944971
3726.096587,0.000000,-592.164754,11177.109724
3726.096902,153.219100,-0.000000,10732.986159
3726.097216,76.609550,814.226536,9474.636058
3726.097531,0.000000,1554.432478,8734.430116
3726.097845,-229.828649,1036.288319,8290.306550
3726.098160,306.438199,370.102971,8586.388927
3726.098474,306.438199,-444.123565,9178.553681
3726.098789,76.609550,-888.247130,9400.615463
3726.099103,153.219100,-740.205942,10140.821405
3726.099418,0.000000,-0.000000,11103.089130
3726.099732,229.828649,962.267725,11399.171507
3726.100047,229.828649,1110.308913,9918.759623
3726.100361,0.000000,1184.329507,9326.594869
3726.100676,76.609550,888.247130,9030.512492
3726.100990,383.047749,962.267725,9252.574275
3726.101305,383.047749,-0.000000,8882.471304
3726.101619,153.219100,-962.267725,9030.512492
3726.101934,153.219100,-814.226536,9622.677246
3726.102248,306.438199,-666.185348,10066.800811
3726.102563,229.828649,-0.000000,10807.006753
3726.102877,459.657299,518.144159,9918.759623
3726.103192,306.438199,1110.308913,9030.512492
3726.103506,229.828649,1480.411884,8956.491898
3726.103821,536.266849,740.205942,8734.430116
3726.104135,459.657299,74.020594,9104.533087
3726.104450,689.485948,-370.102971,9178.553681
3726.104764,0.000000,-740.205942,9622.677246
3726.105079,306.438199,-370.102971,10066.800811
3726.105393,306.438199,-0.000000,10732.986159
3726.105708,229.828649,592.164754,10658.965565
3726.106022,76.609550,962.267725,9918.759623
3726.106337,0.000000,1332.370696,9178.553681
3726.106651,0.000000,1036.288319,8808.450710
3726.106966,76.609550,-0.000000,9474.636058
3726.107280,383.047749,-296.082377,9326.594869
3726.107595,229.828649,-740.205942,9770.718434
3726.107909,0.000000,-740.205942,9918.759623
3726.108224,76.609550,-296.082377,10214.842000
3726.108538,459.657299,-0.000000,10584.944971
3726.108853,0.000000,740.205942,10066.800811
3726.109167,-229.828649,1110.308913,9030.512492
3726.109482,0.000000,1184.329507,8586.388927
3726.109796,229.828649,592.164754,8660.409521
3726.110111,-153.219100,-0.000000,9622.677246
3726.110425,-76.609550,-1110.308913,9474.636058
3726.110740,-306.438199,-962.267725,9992.780217
3726.111054,-383.047749,-444.123565,10584.944971
3726.111369,0.000000,-0.000000,10658.965565
3726.111683,459.657299,962.267725,10510.924376
3726.111998,-306.438199,1258.350101,9474.636058
3726.112312,0.000000,1332.370696,8586.388927
3726.112627,0.000000,888.247130,8216.285956
3726.112941,536.266849,-74.020594,8882.471304
3726.113256,229.828649,-1110.308913,8956.491898
3726.113570,76.609550,-888.247130,9696.697840
3726.113885,-383.047749,-592.164754,10510.924376
3726.114200,-306.438199,-222.061783,10732.986159
3726.114514,0.000000,-0.000000,10732.986159
3726.114829,0.000000,888.247130,9844.739029
3726.115143,0.000000,1184.329507,8956.491898
3726.115458,0.000000,1332.370696,8512.368333
3726.115772,383.047749,592.164754,8586.388927
3726.116087,612.876398,-0.000000,9622.677246
3726.116401,76.609550,-1036.288319,9104.533087
3726.116716,76.609550,-592.164754,9918.759623
3726.117030,0.000000,-0.000000,10436.903782
3726.117345,153.219100,-0.000000,10881.027347
3726.117659,229.828649,666.185348,10288.862594
3726.117974,153.219100,740.205942,9548.656652
3726.118288,0.000000,888.247130,8956.491898
3726.118603,0.000000,-0.000000,8438.347739
3726.118917,229.828649,-296.082377,9326.594869
3726.119232,153.219100,-962.267725,9548.656652
3726.119546,0.000000,-1110.308913,10362.883188
3726.119861,0.000000,-666.185348,10881.027347
3726.120175,229.828649,-518.144159,10584.944971
3726.120490,383.047749,518.144159,10510.924376
3726.120804,76.609550,814.226536,9696.697840
3726.121119,-153.219100,592.164754,9104.533087
3726.121433,919.314598,740.205942,8882.471304
3726.121748,842.705048,-0.000000,8882.471304
3726.122062,842.705048,-370.102971,8882.471304
3726.122377,612.876398,-444.123565,9548.656652
3726.122691,306.438199,-370.102971,9844.739029
3726.123006,383.047749,-296.082377,10436.903782
3726.123320,459.657299,-444.123565,10214.842000
3726.123635,459.657299,-0.000000,9474.636058
3726.123949,0.000000,148.041188,8956.491898
3726.124264,-153.219100,518.144159,8290.306550
3726.124578,383.047749,-0.000000,8512.368333
3726.124893,153.219100,-444.123565,8882.471304
3726.125207,153.219100,-888.247130,9474.636058
3726.125522,0.000000,-962.267725,9918.759623
3726.125836,459.657299,-222.061783,10510.924376
3726.126151,766.095498,370.102971,10214.842000
3726.126465,383.047749,1036.288319,9474.636058
3726.126780,306.438199,1332.370696,9696.697840
3726.127094,0.000000,1480.411884,8586.388927
3726.127409,0.000000,814.226536,8364.327145
3726.127723,536.266849,-148.041188,8808.450710
3726.128038,229.828649,-888.247130,9252.574275
3726.128352,-306.438199,-666.185348,9622.677246
3726.128667,-536.266849,-1110.308913,10066.800811
3726.128981,-229.828649,-148.041188,10881.027347
3726.129296,0.000000,-0.000000,10214.842000
3726.129610,0.000000,962.267725,9992.780217
3726.129925,-306.438199,1406.391290,9104.533087
3726.130239,76.609550,1110.308913,8734.430116
3726.130554,76.609550,666.185348,8882.471304
3726.130868,459.657299,-222.061783,9104.533087
3726.131183,459.657299,-444.123565,9474.636058
3726.131497,76.609550,-518.144159,9992.780217
3726.131812,306.438199,370.102971,10881.027347
3726.132126,383.047749,740.205942,11103.089130
3726.132441,0.000000,1480.411884,9918.759623
3726.132755,0.000000,1406.391290,9400.615463
3726.133070,-306.438199,1110.308913,8808.450710
3726.133384,-306.438199,-0.000000,9252.574275
3726.133699,-153.219100,-370.102971,9326.594869
3726.134013,-689.485948,-888.247130,9770.718434
3726.134328,-842.705048,-666.185348,10584.944971
3726.134642,-1149.143247,-296.082377,11029.068536
3726.134957,-612.876398,296.082377,11029.068536
3726.135271,0.000000,814.226536,10436.903782
3726.135586,0.000000,1480.411884,9252.574275
3726.135900,383.047749,1850.514855,8586.388927
3726.136215,459.657299,1258.350101,8586.388927
3726.136529,995.924147,444.123565,9104.533087
3726.136844,612.876398,-296.082377,9030.512492
3726.137158,229.828649,-370.102971,9252.574275
3726.137473,153.219100,-444.123565,10658.965565
3726.137787,-76.609550,-444.123565,10807.006753
3726.138102,-153.219100,-0.000000,9992.780217
3726.138416,-459.657299,222.061783,9326.594869
3726.138731,0.000000,518.144159,8956.491898
3726.139045,0.000000,518.144159,8734.430116
3726.139360,229.828649,-0.000000,9030.512492
3726.139674,536.266849,-592.164754,9474.636058
3726.139989,153.219100,-666.185348,9326.594869
3726.140303,306.438199,-592.164754,9992.780217
3726.140618,536.266849,296.082377,10732.986159
3726.140932,766.095498,444.123565,11103.089130
3726.141247,612.876398,666.185348,10214.842000
3726.141561,306.438199,740.205942,9030.512492
3726.141876,536.266849,1332.370696,8512.368333
3726.142190,536.266849,370.102971,8438.347739
3726.142505,689.485948,-148.041188,9400.615463
3726.142819,536.266849,-888.247130,9474.636058
3726.143134,0.000000,-1110.308913,9400.615463
3726.143448,-306.438199,-814.226536,10214.842000
3726.143763,-383.047749,-592.164754,10658.965565
3726.144077,-229.828649,592.164754,10436.903782
3726.144392,-689.485948,666.185348,8660.409521
3726.144706,-842.705048,592.164754,8808.450710
3726.145021,-306.438199,518.144159,9104.533087
3726.145335,-459.657299,-0.000000,9104.533087
3726.145650,-536.266849,-148.041188,9252.574275
3726.145964,-536.266849,-518.144159,10214.842000
3726.146279,-689.485948,-148.041188,10140.821405
3726.146593,0.000000,-0.000000,11177.109724
3726.146908,-306.438199,444.123565,11251.130318
3726.147222,306.438199,592.164754,10214.842000
3726.147537,383.047749,1406.391290,8808.450710
3726.147851,306.438199,1258.350101,8142.265362
3726.148166,842.705048,444.123565,8956.491898
3726.148480,919.314598,-148.041188,8808.450710
3726.148795,612.876398,-962.267725,8512.368333
3726.149110,229.828649,-1554.432478,9622.677246
3726.149424,153.219100,-888.247130,10510.924376
3726.149739,306.438199,-296.082377,10807.006753
3726.150053,153.219100,-0.000000,9992.780217
3726.150368,153.219100,592.164754,9326.594869
3726.150682,76.609550,888.247130,8808.450710
3726.150997,306.438199,518.144159,8808.450710
3726.151311,842.705048,-74.020594,9548.656652
3726.151626,766.095498,-370.102971,10214.842000
3726.151940,306.438199,-370.102971,10214.842000
3726.152255,229.828649,-444.123565,10584.944971
3726.152569,536.266849,-0.000000,11029.068536
3726.152884,612.876398,740.205942,10584.944971
3726.153198,536.266849,814.226536,9696.697840
3726.153513,612.876398,1258.350101,8734.430116
3726.153827,383.047749,1258.350101,8216.285956
3726.154142,383.047749,296.082377,8216.285956
3726.154456,153.219100,-740.205942,8956.491898
3726.154771,-229.828649,-1554.432478,9548.656652
3726.155085,-383.047749,-1184.329507,9696.697840
3726.155400,-306.438199,-740.205942,10510.924376
3726.155714,0.000000,-888.247130,10881.027347
3726.156029,-383.047749,740.205942,10066.800811
3726.156343,-383.047749,1184.329507,8808.450710
3726.156658,0.000000,1480.411884,8438.347739
3726.156972,306.438199,1036.288319,9030.512492
3726.157287,612.876398,370.102971,9104.533087
3726.157601,306.438199,-74.020594,8956.491898
3726.157916,306.438199,-444.123565,9622.677246
3726.158230,229.828649,-74.020594,10362.883188
3726.158545,459.657299,444.123565,10214.842000
3726.158860,459.657299,518.144159,10214.842000
3726.159174,76.609550,962.267725,9548.656652
3726.159489,-229.828649,1332.370696,8216.285956
3726.159803,76.609550,740.205942,8438.347739
3726.160118,229.828649,-222.061783,9030.512492
3726.160432,0.000000,-1184.329507,9252.574275
3726.160747,0.000000,-666.185348,9326.594869
3726.161061,-459.657299,-888.247130,10288.862594
3726.161376,-383.047749,-0.000000,10732.986159
3726.161690,0.000000,592.164754,10362.883188
3726.162005,-536.266849,1406.391290,9844.739029
3726.162319,-459.657299,1332.370696,9474.636058
3726.162634,-459.657299,1406.391290,9252.574275
3726.162949,-306.438199,518.144159,9252.574275
3726.163263,0.000000,-518.144159,9770.718434
3726.163578,-842.705048,-592.164754,9992.780217
3726.163892,-766.095498,-592.164754,10732.986159
3726.164207,-612.876398,-222.061783,11325.150913
3726.164521,0.000000,-0.000000,11325.150913
3726.164836,153.219100,814.226536,10140.821405
3726.165150,-306.438199,1332.370696,9104.533087
3726.165465,0.000000,1480.411884,8512.368333
3726.165779,0.000000,592.164754,8512.368333
3726.166094,459.657299,-222.061783,8882.471304
3726.166408,459.657299,-1184.329507,9252.574275
3726.166723,459.657299,-1036.288319,9844.739029
3726.167038,306.438199,-666.185348,10214.842000
3726.167352,229.828649,-296.082377,10510.924376
3726.167667,612.876398,518.144159,9992.780217
3726.167981,229.828649,1258.350101,9474.636058
3726.168296,459.657299,1406.391290,8586.388927
3726.168610,919.314598,814.226536,8512.368333
3726.168925,995.924147,148.041188,8660.409521
3726.169239,995.924147,-518.144159,9030.512492
3726.169554,689.485948,-814.226536,9992.780217
3726.169868,306.438199,-1036.288319,10288.862594
3726.170183,459.657299,-222.061783,10658.965565
3726.170497,459.657299,-0.000000,10362.883188
3726.170812,612.876398,1036.288319,9400.615463
3726.171126,536.266849,1258.350101,8956.491898
3726.171441,536.266849,1036.288319,8290.306550
3726.171756,766.095498,-0.000000,8512.368333
3726.172070,536.266849,-666.185348,8808.450710
3726.172385,306.438199,-1110.308913,9252.574275
3726.172699,0.000000,-740.205942,10362.883188
3726.173014,0.000000,-222.061783,10955.047942
3726.173328,153.219100,592.164754,11251.130318
3726.173643,0.000000,962.267725,9770.718434
3726.173957,0.000000,1258.350101,9104.533087
3726.174272,-536.266849,1628.453072,9104.533087
3726.174586,-306.438199,444.123565,8882.471304
3726.174901,153.219100,-148.041188,9104.533087
3726.175215,-306.438199,-888.247130,9918.759623
3726.175530,0.000000,-666.185348,10288.862594
3726.175845,0.000000,296.082377,10955.047942
3726.176159,-536.266849,-0.000000,11251.130318
3726.176474,-383.047749,444.123565,10732.986159
3726.176788,0.000000,1110.308913,9326.594869
3726.177103,0.000000,740.205942,9178.553681
3726.177417,0.000000,666.185348,8808.450710
3726.177732,0.000000,222.061783,8512.368333
3726.178046,153.219100,-592.164754,9030.512492
3726.178361,-153.219100,-592.164754,9474.636058
3726.178675,-536.266849,-370.102971,10140.821405
3726.178990,0.000000,-592.164754,10658.965565
3726.179304,153.219100,444.123565,10362.883188
3726.179619,0.000000,740.205942,9918.759623
3726.179934,-383.047749,1332.370696,8882.471304
3726.180248,229.828649,1110.308913,9474.636058
3726.180563,0.000000,518.144159,9104.533087
3726.180877,76.609550,-74.020594,9178.553681
3726.181192,-229.828649,-592.164754,9548.656652
3726.181506,-153.219100,-592.164754,10214.842000
3726.181821,-153.219100,-222.061783,11177.109724
3726.182135,76.609550,592.164754,11177.109724
3726.182450,153.219100,740.205942,10362.883188
3726.182764,229.828649,1184.329507,9474.636058
3726.183079,306.438199,962.267725,8660.409521
3726.183393,842.705048,518.144159,8808.450710
3726.183708,766.095498,-222.061783,8438.347739
3726.184023,612.876398,-740.205942,9474.636058
3726.184337,536.266849,-962.267725,9400.615463
3726.184652,383.047749,-518.144159,9844.739029
3726.184966,536.266849,-296.082377,10510.924376
3726.185281,689.485948,-0.000000,9992.780217
3726.185595,229.828649,666.185348,9474.636058
3726.185910,689.485948,1184.329507,8808.450710
3726.186224,306.438199,962.267725,8438.347739
3726.186539,689.485948,370.102971,8956.491898
3726.186853,689.485948,-444.123565,9326.594869
3726.187168,306.438199,-1036.288319,9622.677246
3726.187482,0.000000,-888.247130,10362.883188
3726.187797,612.876398,-370.102971,11029.068536
3726.188111,229.828649,-296.082377,11547.212695
3726.188426,0.000000,740.205942,9844.739029
3726.188741,76.609550,1258.350101,9030.512492
3726.189055,229.828649,1332.370696,8290.306550
3726.189370,306.438199,814.226536,8512.368333
3726.189684,689.485948,-0.000000,8808.450710
3726.189999,306.438199,-666.185348,8734.430116
3726.190313,153.219100,-740.205942,9548.656652
3726.190628,153.219100,-444.123565,10140.821405
3726.190942,153.219100,-74.020594,10881.027347
3726.191257,-306.438199,370.102971,10362.883188
3726.191571,-229.828649,1184.329507,9252.574275
3726.191886,-229.828649,1258.350101,8438.347739
3726.192200,-229.828649,814.226536,9104.533087
3726.192515,-766.095498,148.041188,9400.615463
3726.192830,-229.828649,-592.164754,9696.697840
3726.193144,-612.876398,-1110.308913,10066.800811
3726.193459,-919.314598,-370.102971,10362.883188
3726.193773,-383.047749,222.061783,11103.089130
3726.194088,306.438199,666.185348,11103.089130
3726.194402,0.000000,1258.350101,9770.718434
3726.194717,0.000000,1406.391290,8956.491898
3726.195031,153.219100,1258.350101,8364.327145
3726.195346,383.047749,370.102971,8882.471304
3726.195660,383.047749,-0.000000,9326.594869
3726.195975,0.000000,-444.123565,9178.553681
3726.196289,0.000000,-888.247130,10140.821405
3726.196604,153.219100,-740.205942,10881.027347
3726.196919,153.219100,-0.000000,10732.986159
3726.197233,-459.657299,814.226536,10066.800811
3726.197548,-536.266849,1258.350101,9400.615463
3726.197862,-306.438199,1110.308913,8586.388927
3726.198177,-306.438199,296.082377,9400.615463
3726.198491,0.000000,-518.144159,9770.718434
3726.198806,-306.438199,-814.226536,10140.821405
3726.199120,0.000000,-740.205942,9844.739029
3726.199435,-306.438199,-222.061783,10732.986159
3726.199749,229.828649,370.102971,11399.171507
3726.200064,919.314598,1036.288319,9992.780217
3726.200378,842.705048,1480.411884,9326.594869
3726.200693,842.705048,1776.494261,8290.306550
3726.201008,1302.362347,1332.370696,7846.182985
3726.201322,689.485948,296.082377,7994.224174
3726.201637,919.314598,-518.144159,8882.471304
3726.201951,536.266849,-1110.308913,9400.615463
3726.202266,459.657299,-1184.329507,9918.759623
3726.202580,153.219100,-592.164754,10732.986159
3726.202895,383.047749,-74.020594,10066.800811
3726.203209,-153.219100,518.144159,9696.697840
3726.203524,-229.828649,1480.411884,9030.512492
3726.203838,0.000000,888.247130,8808.450710
3726.204153,383.047749,444.123565,8586.388927
3726.204467,229.828649,-0.000000,8808.450710
3726.204782,612.876398,-444.123565,9622.677246
3726.205096,0.000000,-74.020594,10214.842000
3726.205411,76.609550,-296.082377,10510.924376
3726.205726,229.828649,444.123565,10658.965565
3726.206040,-229.828649,592.164754,10362.883188
3726.206355,0.000000,1184.329507,9252.574275
3726.206669,-229.828649,1110.308913,8734.430116
3726.206984,0.000000,296.082377,9030.512492
3726.207298,-229.828649,-740.205942,9030.512492
3726.207613,76.609550,-962.267725,9178.553681
3726.207927,-689.485948,-1480.411884,10288.862594
3726.208242,-459.657299,-1184.329507,10732.986159
3726.208556,-383.047749,-814.226536,10881.027347
3726.208871,-306.438199,-0.000000,10658.965565
3726.209185,229.828649,1184.329507,9696.697840
3726.209500,0.000000,1554.432478,8882.471304
3726.209815,0.000000,1406.391290,8660.409521
3726.210129,306.438199,296.082377,8882.471304
3726.210444,306.438199,-444.123565,9178.553681
3726.210758,-536.266849,-814.226536,10140.821405
3726.211073,-536.266849,-814.226536,10214.842000
3726.211387,-153.219100,-296.082377,11103.089130
3726.211702,306.438199,444.123565,10362.883188
3726.212016,0.000000,296.082377,10140.821405
3726.212331,0.000000,148.041188,9474.636058
3726.212645,-153.219100,814.226536,9030.512492
3726.212960,0.000000,-0.000000,8660.409521
3726.213274,612.876398,-592.164754,8808.450710
3726.213589,459.657299,-814.226536,8660.409521
3726.213904,919.314598,-1406.391290,9326.594869
3726.214218,842.705048,-518.144159,10214.842000
3726.214533,995.924147,-0.000000,10510.924376
3726.214847,612.876398,1036.288319,9474.636058
3726.215162,153.219100,1406.391290,8734.430116
3726.215476,995.924147,1258.350101,8660.409521
3726.215791,689.485948,740.205942,8512.368333
3726.216105,842.705048,-370.102971,9252.574275
3726.216420,306.438199,-814.226536,9326.594869
3726.216734,0.000000,-814.226536,10214.842000
3726.217049,-766.095498,-296.082377,11103.089130
3726.217363,0.000000,222.061783,11103.089130
3726.217678,459.657299,296.082377,10436.903782
3726.217993,153.219100,814.226536,9548.656652
3726.218307,383.047749,1406.391290,9104.533087
3726.218622,153.219100,148.041188,8734.430116
3726.218936,459.657299,-0.000000,8808.450710
3726.219251,689.485948,-444.123565,8660.409521
3726.219565,536.266849,-740.205942,8882.471304
3726.219880,306.438199,-962.267725,9696.697840
3726.220194,229.828649,-518.144159,10436.903782
3726.220509,689.485948,-0.000000,10510.924376
3726.220823,536.266849,666.185348,9770.718434
3726.221138,-536.266849,1332.370696,8660.409521
3726.221452,383.047749,-0.000000,9474.636058
3726.221767,229.828649,1406.391290,8956.491898
3726.222082,76.609550,-222.061783,8882.471304
3726.222396,0.000000,-1258.350101,9696.697840
3726.222711,0.000000,-74.020594,10362.883188
3726.223025,153.219100,-74.020594,10362.883188
3726.223340,0.000000,444.123565,10658.965565
3726.223654,306.438199,962.267725,10362.883188
3726.223969,0.000000,1480.411884,9400.615463
3726.224283,383.047749,1702.473667,9104.533087
3726.224598,689.485948,1184.329507,9252.574275
3726.224912,459.657299,370.102971,8956.491898
3726.225227,459.657299,-814.226536,9548.656652
3726.225541,0.000000,-592.164754,9770.718434
3726.225856,0.000000,-148.041188,10510.924376
3726.226170,0.000000,-0.000000,10288.862594
3726.226485,536.266849,814.226536,10584.944971
3726.226800,0.000000,1110.308913,9548.656652
3726.227114,76.609550,1332.370696,8586.388927
3726.227429,76.609550,1776.494261,8586.388927
3726.227743,306.438199,814.226536,9030.512492
3726.228058,306.438199,296.082377,9770.718434
3726.228372,153.219100,-370.102971,9622.677246
3726.228687,0.000000,-222.061783,10288.862594
3726.229001,0.000000,222.061783,10584.944971
3726.229316,76.609550,666.185348,10732.986159
3726.229630,-766.095498,740.205942,10584.944971
3726.229945,-536.266849,962.267725,9400.615463
3726.230259,-689.485948,814.226536,8660.409521
3726.230574,-459.657299,148.041188,9104.533087
3726.230889,-306.438199,-296.082377,9400.615463
3726.231203,-459.657299,-1332.370696,9400.615463
3726.231518,-766.095498,-666.185348,9474.636058
3726.231832,-229.828649,-148.041188,10362.883188
3726.232147,0.000000,370.102971,10510.924376
3726.232461,0.000000,1036.288319,9992.780217
3726.232776,536.266849,1480.411884,9104.533087
3726.233090,0.000000,1702.473667,8512.368333
3726.233405,229.828649,740.205942,8438.347739
3726.233719,306.438199,-0.000000,9252.574275
3726.234034,0.000000,-666.185348,9696.697840
3726.234348,-612.876398,-1258.350101,9770.718434
3726.234663,-612.876398,-370.102971,10362.883188
3726.234978,0.000000,-518.144159,11399.171507
3726.235292,-229.828649,-222.061783,11177.109724
3726.235607,-306.438199,888.247130,10140.821405
3726.235921,153.219100,370.102971,9400.615463
3726.236236,689.485948,666.185348,8956.491898
3726.236550,919.314598,-0.000000,8438.347739
3726.236865,1072.533697,-296.082377,8586.388927
3726.237179,995.924147,-666.185348,9178.553681
3726.237494,995.924147,-740.205942,9104.533087
3726.237808,919.314598,-444.123565,9696.697840
3726.238123,1302.362347,-0.000000,9770.718434
3726.238437,612.876398,370.102971,9992.780217
3726.238752,0.000000,666.185348,9030.512492
3726.239067,-383.047749,-0.000000,8808.450710
3726.239381,76.609550,-222.061783,9474.636058
3726.239696,229.828649,-1110.308913,9622.677246
3726.240010,-229.828649,-1184.329507,9918.759623
3726.240325,229.828649,-1110.308913,10066.800811
3726.240639,0.000000,-518.144159,10807.006753
3726.240954,76.609550,-222.061783,10658.965565
3726.241268,689.485948,444.123565,10362.883188
3726.241583,612.876398,962.267725,9252.574275
3726.241897,689.485948,1110.308913,8438.347739
3726.242212,842.705048,814.226536,8068.244768
3726.242526,536.266849,-0.000000,8660.409521
3726.242841,612.876398,-666.185348,8808.450710
3726.243155,383.047749,-1184.329507,9474.636058
3726.243470,0.000000,-666.185348,10288.862594
3726.243785,76.609550,-222.061783,10436.903782
3726.244099,229.828649,-74.020594,9992.780217
3726.244414,0.000000,370.102971,9622.677246
3726.244728,0.000000,666.185348,9326.594869
3726.245043,0.000000,592.164754,8882.471304
3726.245357,76.609550,222.061783,9178.553681
3726.245672,76.609550,-74.020594,9178.553681
3726.245986,153.219100,-296.082377,9770.718434
3726.246301,-153.219100,-296.082377,10214.842000
3726.246615,-306.438199,-296.082377,10807.006753
3726.246930,0.000000,518.144159,10807.006753
3726.247244,306.438199,1554.432478,9918.759623
3726.247559,306.438199,1480.411884,9178.553681
3726.247874,0.000000,1332.370696,8956.491898
3726.248188,229.828649,592.164754,8956.491898
3726.248503,-306.438199,-0.000000,8734.430116
3726.248817,-612.876398,-592.164754,9326.594869
3726.249132,-383.047749,-962.267725,10140.821405
3726.249446,-459.657299,-592.164754,10658.965565
3726.249761,-536.266849,-370.102971,10732.986159
3726.250075,-536.266849,444.123565,10436.903782
3726.250390,-306.438199,962.267725,9844.739029
3726.250704,0.000000,1554.432478,9252.574275
3726.251019,229.828649,1406.391290,8512.368333
3726.251333,536.266849,814.226536,9252.574275
3726.251648,536.266849,-222.061783,9030.512492
3726.251963,0.000000,-296.082377,9696.697840
3726.252277,-153.219100,-148.041188,10214.842000
3726.252592,76.609550,-0.000000,10807.006753
3726.252906,229.828649,-0.000000,10807.006753
3726.253221,0.000000,962.267725,9844.739029
3726.253535,0.000000,1110.308913,9474.636058
3726.253850,0.000000,1110.308913,8734.430116
3726.254164,0.000000,148.041188,8660.409521
3726.254479,383.047749,-370.102971,8956.491898
3726.254793,383.047749,-888.247130,9400.615463
3726.255108,306.438199,-740.205942,9548.656652
3726.255422,383.047749,-814.226536,11029.068536
3726.255737,766.095498,-0.000000,10436.903782
3726.256052,1149.143247,666.185348,10214.842000
3726.256366,689.485948,1554.432478,8364.327145
3726.256681,536.266849,1480.411884,8660.409521
3726.256995,842.705048,1184.329507,8660.409521
3726.257310,1302.362347,-148.041188,9326.594869
3726.257624,383.047749,-740.205942,9252.574275
3726.257939,0.000000,-592.164754,10140.821405
3726.258253,0.000000,-296.082377,10362.883188
3726.258568,229.828649,-222.061783,11325.150913
3726.258882,76.609550,-0.000000,10881.027347
3726.259197,0.000000,740.205942,9770.718434
3726.259511,153.219100,1406.391290,8808.450710
3726.259826,459.657299,1406.391290,8586.388927
3726.260140,612.876398,222.061783,8660.409521
3726.260455,766.095498,-296.082377,8660.409521
3726.260770,153.219100,-666.185348,9400.615463
3726.261084,229.828649,-444.123565,10066.800811
3726.261399,153.219100,-0.000000,10658.965565
3726.261713,153.219100,444.123565,10584.944971
3726.262028,-383.047749,666.185348,9844.739029
3726.262342,-153.219100,962.267725,8956.491898
3726.262657,-229.828649,518.144159,9104.533087
3726.262971,0.000000,-0.000000,9178.553681
3726.263286,0.000000,-518.144159,9104.533087
3726.263600,-536.266849,-666.185348,9252.574275
3726.263915,-612.876398,-962.267725,9548.656652
3726.264229,-153.219100,-666.185348,10510.924376
3726.264544,0.000000,-74.020594,10955.047942
3726.264858,0.000000,592.164754,9992.780217
3726.265173,0.000000,814.226536,9474.636058
3726.265488,0.000000,1406.391290,8882.471304
3726.265802,-229.828649,740.205942,8660.409521
3726.266117,0.000000,-148.041188,9326.594869
3726.266431,-306.438199,-1036.288319,9474.636058
3726.266746,-689.485948,-1406.391290,9770.718434
3726.267060,-383.047749,-1258.350101,10658.965565
3726.267375,-536.266849,-592.164754,11177.109724
3726.267689,0.000000,-0.000000,10658.965565
3726.268004,76.609550,740.205942,9770.718434
3726.268318,76.609550,1036.288319,9252.574275
3726.268633,536.266849,1332.370696,8512.368333
3726.268947,919.314598,370.102971,8512.368333
3726.269262,766.095498,-148.041188,8808.450710
3726.269576,766.095498,-888.247130,9252.574275
3726.269891,459.657299,-962.267725,9474.636058
3726.270206,536.266849,-222.061783,10214.842000
3726.270520,306.438199,370.102971,10732.986159
3726.270835,383.047749,740.205942,10140.821405
3726.271149,229.828649,1110.308913,9474.636058
3726.271464,-229.828649,962.267725,8808.450710
3726.271778,0.000000,222.061783,9252.574275
3726.272093,76.609550,-370.102971,9326.594869
3726.272407,229.828649,-592.164754,9548.656652
3726.272722,0.000000,-1554.432478,9474.636058
3726.273036,383.047749,-296.082377,10140.821405
3726.273351,383.047749,-0.000000,10288.862594
3726.273665,689.485948,666.185348,10584.944971
3726.273980,919.314598,1480.411884,9252.574275
3726.274294,995.924147,962.267725,8660.409521
3726.274609,689.485948,1110.308913,8142.265362
3726.274924,689.485948,-0.000000,8586.388927
3726.275238,459.657299,-444.123565,8956.491898
3726.275553,76.609550,-1036.288319,9548.656652
3726.275867,0.000000,-962.267725,10066.800811
3726.276182,0.000000,-148.041188,10584.944971
3726.276496,-229.828649,518.144159,10510.924376
3726.276811,-536.266849,814.226536,10362.883188
3726.277125,-306.438199,1110.308913,9548.656652
3726.277440,-459.657299,740.205942,8586.388927
3726.277754,0.000000,-0.000000,9326.594869
3726.278069,0.000000,-370.102971,9696.697840
3726.278383,0.000000,-370.102971,9844.739029
3726.278698,0.000000,-518.144159,10362.883188
3726.279012,-383.047749,-0.000000,10436.903782
3726.279327,0.000000,444.123565,11029.068536
3726.279642,0.000000,888.247130,10436.903782
3726.279956,0.000000,1332.370696,9400.615463
3726.280271,0.000000,1258.350101,9030.512492
3726.280585,76.609550,1036.288319,8660.409521
3726.280900,76.609550,-148.041188,9030.512492
3726.281214,0.000000,-740.205942,9474.636058
3726.281529,0.000000,-962.267725,10140.821405
3726.281843,153.219100,-888.247130,9992.780217
3726.282158,0.000000,-74.020594,10510.924376
3726.282472,383.047749,370.102971,10584.944971
3726.282787,306.438199,962.267725,9622.677246
3726.283101,0.000000,1258.350101,8956.491898
3726.283416,0.000000,1036.288319,8586.388927
3726.283731,459.657299,370.102971,8956.491898
3726.284045,612.876398,-370.102971,9104.533087
3726.284360,229.828649,-518.144159,9548.656652
3726.284674,-229.828649,-888.247130,10288.862594
3726.284989,153.219100,-148.041188,10140.821405
3726.285303,459.657299,296.082377,10288.862594
3726.285618,459.657299,814.226536,9696.697840
3726.285932,229.828649,1332.370696,9178.553681
3726.286247,612.876398,1332.370696,8364.327145
3726.286561,689.485948,296.082377,8364.327145
3726.286876,536.266849,-666.185348,9030.512492
3726.287190,153.219100,-1332.370696,9104.533087
3726.287505,0.000000,-1480.411884,10214.842000
3726.287819,-383.047749,-666.185348,10807.006753
3726.288134,0.000000,-0.000000,10881.027347
3726.288449,0.000000,296.082377,10436.903782
3726.288763,0.000000,1110.308913,9844.739029
3726.289078,383.047749,1480.411884,8882.471304
3726.289392,536.266849,962.267725,8586.388927
3726.289707,919.314598,370.102971,8882.471304
3726.290021,1072.533697,-74.020594,8882.471304
3726.290336,766.095498,-740.205942,9474.636058
3726.290650,612.876398,-222.061783,10362.883188
3726.290965,842.705048,-148.041188,10436.903782
3726.291279,612.876398,592.164754,9992.780217
3726.291594,76.609550,1036.288319,9622.677246
3726.291908,153.219100,1184.329507,8956.491898
3726.292223,0.000000,296.082377,8808.450710
3726.292537,0.000000,-222.061783,9104.533087
3726.292852,0.000000,-1480.411884,9400.615463
3726.293167,-459.657299,-1258.350101,9844.739029
3726.293481,-536.266849,-1036.288319,10584.944971
3726.293796,-459.657299,-296.082377,11103.089130
3726.294110,0.000000,296.082377,11251.130318
3726.294425,383.047749,1406.391290,9918.759623
3726.294739,459.657299,1776.494261,8808.450710
3726.295054,536.266849,1850.514855,8808.450710
3726.295368,689.485948,1036.288319,8956.491898
3726.295683,383.047749,-148.041188,8586.388927
3726.295997,229.828649,-222.061783,9178.553681
3726.296312,-383.047749,-518.144159,9696.697840
3726.296626,-536.266849,-370.102971,10584.944971
3726.296941,-459.657299,-296.082377,10955.047942
3726.297255,0.000000,-0.000000,10140.821405
3726.297570,-459.657299,666.185348,9474.636058
3726.297885,-459.657299,666.185348,8512.368333
3726.298199,-306.438199,444.123565,8734.430116
3726.298514,229.828649,-296.082377,9252.574275
3726.298828,-536.266849,-962.267725,9474.636058
3726.299143,229.828649,-888.247130,9696.697840
3726.299457,153.219100,-444.123565,10288.862594
3726.299772,383.047749,444.123565,10807.006753
3726.300086,536.266849,1110.308913,10214.842000
3726.300401,153.219100,1036.288319,9474.636058
3726.300715,459.657299,1628.453072,8956.491898
3726.301030,383.047749,962.267725,8660.409521
3726.301344,536.266849,-0.000000,9104.533087
3726.301659,383.047749,-518.144159,9474.636058
3726.301973,-229.828649,-1332.370696,9548.656652
3726.302288,-306.438199,-962.267725,10436.903782
3726.302603,-459.657299,-0.000000,11029.068536
3726.302917,0.000000,-0.000000,11029.068536
3726.303232,0.000000,518.144159,9992.780217
3726.303546,153.219100,1258.350101,9474.636058
3726.303861,0.000000,962.267725,8586.388927
3726.304175,459.657299,370.102971,8586.388927
3726.304490,536.266849,-222.061783,9400.615463
3726.304804,76.609550,-1184.329507,9474.636058
3726.305119,0.000000,-888.247130,9992.780217
3726.305433,306.438199,-518.144159,10140.821405
3726.305748,383.047749,-74.020594,10584.944971
3726.306062,689.485948,518.144159,10658.965565
3726.306377,76.609550,962.267725,9030.512492
3726.306691,0.000000,1332.370696,8364.327145
3726.307006,0.000000,888.247130,8438.347739
3726.307321,153.219100,-222.061783,8808.450710
3726.307635,612.876398,-814.226536,9030.512492
3726.307950,459.657299,-1332.370696,9326.594869
3726.308264,459.657299,-740.205942,9992.780217
3726.308579,76.609550,-296.082377,10510.924376
3726.308893,153.219100,592.164754,10510.924376
3726.309208,306.438199,1184.329507,9770.718434
3726.309522,306.438199,1554.432478,8216.285956
3726.309837,536.266849,1036.288319,8586.388927
3726.310151,306.438199,148.041188,8734.430116
3726.310466,459.657299,-444.123565,9252.574275
3726.310780,0.000000,-814.226536,9252.574275
3726.311095,-306.438199,-444.123565,10214.842000
3726.311410,76.609550,-0.000000,11103.089130
3726.311724,459.657299,222.061783,10955.047942
3726.312039,153.219100,888.247130,10584.944971
3726.312353,76.609550,1406.391290,9548.656652
3726.312668,0.000000,1184.329507,8882.471304
3726.312982,536.266849,740.205942,8882.471304
3726.313297,153.219100,148.041188,9252.574275
3726.313611,536.266849,-222.061783,9400.615463
3726.313926,76.609550,-888.247130,9622.677246
3726.314240,-153.219100,-444.123565,9918.759623
3726.314555,0.000000,-0.000000,10584.944971
3726.314869,-229.828649,814.226536,10214.842000
3726.315184,-229.828649,1184.329507,9992.780217
3726.315498,-766.095498,1332.370696,9178.553681
3726.315813,-459.657299,-0.000000,8734.430116
3726.316128,-229.828649,-296.082377,9104.533087
3726.316442,0.000000,-888.247130,9548.656652
3726.316757,-383.047749,-666.185348,10140.821405
3726.317071,-689.485948,-296.082377,9992.780217
3726.317386,0.000000,148.041188,10362.883188
3726.317700,306.438199,296.082377,10510.924376
3726.318015,383.047749,814.226536,9548.656652
3726.318329,612.876398,1110.308913,8808.450710
3726.318644,459.657299,1036.288319,8438.347739
3726.318958,766.095498,592.164754,8734.430116
3726.319273,536.266849,-0.000000,8808.450710
3726.319587,306.438199,-666.185348,9326.594869
3726.319902,-306.438199,-888.247130,9696.697840
3726.320216,0.000000,-740.205942,10658.965565
3726.320531,-229.828649,-0.000000,10436.903782
3726.320846,0.000000,296.082377,10288.862594
3726.321160,-536.266849,962.267725,9474.636058
3726.321475,-536.266849,962.267725,8808.450710
3726.321789,-229.828649,370.102971,8586.388927
3726.322104,306.438199,-222.061783,9326.594869
3726.322418,229.828649,-518.144159,8956.491898
3726.322733,0.000000,-888.247130,9548.656652
3726.323047,0.000000,-222.061783,10214.842000
3726.323362,76.609550,-148.041188,10436.903782
3726.323676,536.266849,370.102971,10140.821405
3726.323991,689.485948,1110.308913,9770.718434
3726.324305,153.219100,1258.350101,9622.677246
3726.324620,229.828649,888.247130,8216.285956
3726.324934,536.266849,-74.020594,8660.409521
3726.325249,229.828649,-740.205942,9400.615463
3726.325564,0.000000,-1332.370696,9548.656652
3726.325878,0.000000,-1110.308913,9918.759623
3726.326193,0.000000,-740.205942,10658.965565
3726.326507,383.047749,-0.000000,10584.944971
3726.326822,0.000000,296.082377,9696.697840
3726.327136,-306.438199,1332.370696,9104.533087
3726.327451,459.657299,1332.370696,9030.512492
3726.327765,383.047749,814.226536,8660.409521
3726.328080,1532.190996,-74.020594,9326.594869
3726.328394,306.438199,-518.144159,9474.636058
3726.328709,0.000000,-814.226536,9992.780217
3726.329023,0.000000,-370.102971,10658.965565
3726.329338,0.000000,-74.020594,11103.089130
3726.329652,0.000000,296.082377,11029.068536
3726.329967,0.000000,1036.288319,9696.697840
3726.330282,-229.828649,1332.370696,9178.553681
3726.330596,0.000000,814.226536,9030.512492
3726.330911,383.047749,-0.000000,9178.553681
3726.331225,306.438199,-740.205942,9178.553681
3726.331540,383.047749,-592.164754,9474.636058
3726.331854,76.609550,-222.061783,10510.924376
3726.332169,229.828649,-0.000000,10510.924376
3726.332483,0.000000,814.226536,10214.842000
3726.332798,0.000000,1258.350101,9696.697840
3726.333112,0.000000,1258.350101,8660.409521
3726.333427,459.657299,1406.391290,8734.430116
3726.333741,306.438199,296.082377,8956.491898
3726.334056,0.000000,-148.041188,9326.594869
3726.334370,-229.828649,-814.226536,9622.677246
3726.334685,-689.485948,-666.185348,10214.842000
3726.335000,-536.266849,-518.144159,11325.150913
3726.335314,0.000000,-222.061783,11103.089130
3726.335629,-612.876398,962.267725,9770.718434
3726.335943,0.000000,1480.411884,9622.677246
3726.336258,-459.657299,1554.432478,9104.533087
3726.336572,76.609550,962.267725,8808.450710
3726.336887,229.828649,-74.020594,8808.450710
3726.337201,-153.219100,-1036.288319,9178.553681
3726.337516,0.000000,-1258.350101,9252.574275
3726.337830,229.828649,-814.226536,9770.718434
3726.338145,153.219100,-148.041188,11029.068536
3726.338459,0.000000,-0.000000,10140.821405
3726.338774,76.609550,740.205942,9030.512492
3726.339089,-229.828649,740.205942,8586.388927
3726.339403,306.438199,518.144159,8808.450710
3726.339718,229.828649,-74.020594,8956.491898
3726.340032,306.438199,-814.226536,8956.491898
3726.340347,306.438199,-1110.308913,9992.780217
3726.340661,-306.438199,-962.267725,10288.862594
3726.340976,0.000000,-296.082377,10807.006753
3726.341290,229.828649,222.061783,10807.006753
3726.341605,306.438199,1332.370696,9918.759623
3726.341919,459.657299,1628.453072,8808.450710
3726.342234,919.314598,1554.432478,8438.347739
3726.342548,842.705048,740.205942,8734.430116
3726.342863,1378.971896,-296.082377,9030.512492
3726.343177,1149.143247,-962.267725,8956.491898
3726.343492,536.266849,-592.164754,9622.677246
3726.343807,306.438199,-444.123565,10436.903782
3726.344121,459.657299,-0.000000,10510.924376
3726.344436,306.438199,814.226536,9992.780217
3726.344750,0.000000,1110.308913,9474.636058
3726.345065,-153.219100,1184.329507,8586.388927
3726.345379,0.000000,296.082377,8660.409521
3726.345694,153.219100,-148.041188,9548.656652
3726.346008,459.657299,-1036.288319,9474.636058
3726.346323,-383.047749,-888.247130,9992.780217
3726.346637,0.000000,-444.123565,10584.944971
3726.346952,-153.219100,370.102971,11029.068536
3726.347266,76.609550,1258.350101,10881.027347
3726.347581,0.000000,1776.494261,9696.697840
3726.347895,0.000000,1776.494261,8586.388927
3726.348210,0.000000,1184.329507,8290.306550
3726.348525,153.219100,-0.000000,8660.409521
3726.348839,153.219100,-740.205942,9326.594869
3726.349154,0.000000,-1110.308913,9696.697840
3726.349468,-229.828649,-740.205942,10066.800811
3726.349783,0.000000,-74.020594,10362.883188
3726.350097,0.000000,444.123565,10732.986159
3726.350412,-459.657299,1184.329507,10140.821405
3726.350726,0.000000,1480.411884,8882.471304
3726.351041,-306.438199,962.267725,8660.409521
3726.351355,0.000000,444.123565,8956.491898
3726.351670,76.609550,-296.082377,9696.697840
3726.351984,76.609550,-1036.288319,9844.739029
3726.352299,-612.876398,-740.205942,10288.862594
3726.352613,-153.219100,-148.041188,10732.986159
3726.352928,76.609550,740.205942,10881.027347
3726.353243,306.438199,1184.329507,10288.862594
3726.353557,306.438199,1554.432478,9030.512492
3726.353872,306.438199,1406.391290,8290.306550
3726.354186,0.000000,592.164754,8660.409521
3726.354501,0.000000,-0.000000,9030.512492
3726.354815,0.000000,-814.226536,9252.574275
3726.355130,0.000000,-1702.473667,9622.677246
3726.355444,-153.219100,-1184.329507,10140.821405
3726.355759,-383.047749,-888.247130,11029.068536
3726.356073,0.000000,222.061783,10807.006753
3726.356388,0.000000,666.185348,9992.780217
3726.356702,0.000000,1406.391290,8660.409521
3726.357017,306.438199,962.267725,7994.224174
3726.357331,536.266849,148.041188,8586.388927
3726.357646,766.095498,-222.061783,8882.471304
3726.357961,536.266849,-962.267725,9474.636058
3726.358275,-306.438199,-814.226536,9622.677246
3726.358590,842.705048,-296.082377,10436.903782
3726.358904,919.314598,222.061783,10436.903782
3726.359219,536.266849,370.102971,9844.739029
3726.359533,76.609550,740.205942,9178.553681
3726.359848,0.000000,518.144159,8438.347739
3726.360162,153.219100,-296.082377,8512.368333
3726.360477,383.047749,-592.164754,8882.471304
3726.360791,306.438199,-1406.391290,9326.594869
3726.361106,459.657299,-1184.329507,9770.718434
3726.361420,612.876398,-444.123565,10362.883188
3726.361735,842.705048,-296.082377,10510.924376
3726.362049,459.657299,592.164754,9918.759623
3726.362364,689.485948,1184.329507,9252.574275
3726.362678,383.047749,1480.411884,8660.409521
3726.362993,459.657299,962.267725,8290.306550
3726.363307,766.095498,-0.000000,8956.491898
3726.363622,306.438199,-814.226536,9030.512492
3726.363936,0.000000,-1258.350101,10140.821405
3726.364251,-766.095498,-1036.288319,11029.068536
3726.364566,-306.438199,-148.041188,10955.047942
3726.364880,306.438199,370.102971,10955.047942
3726.365195,-306.438199,814.226536,10214.842000
3726.365509,-229.828649,1480.411884,9252.574275
3726.365824,-306.438199,962.267725,8512.368333
3726.366138,306.438199,-74.020594,8660.409521
3726.366453,306.438199,-740.205942,9326.594869
3726.366767,76.609550,-814.226536,9326.594869
3726.367082,-306.438199,-814.226536,10214.842000
3726.367396,-306.438199,-74.020594,10362.883188
3726.367711,0.000000,148.041188,10436.903782
3726.368025,76.609550,962.267725,9844.739029
3726.368340,-229.828649,1332.370696,9104.533087
3726.368654,0.000000,1406.391290,8734.430116
3726.368969,0.000000,666.185348,8438.347739
3726.369283,-459.657299,-444.123565,8956.491898
3726.369598,0.000000,-518.144159,9252.574275
3726.369912,-612.876398,-740.205942,9992.780217
3726.370227,-383.047749,-592.164754,11029.068536
3726.370542,0.000000,-0.000000,10881.027347
3726.370856,0.000000,814.226536,10436.903782
3726.371171,153.219100,1184.329507,9400.615463
3726.371485,0.000000,1554.432478,8956.491898
3726.371800,229.828649,1184.329507,8808.450710
3726.372114,306.438199,-0.000000,8734.430116
3726.372429,306.438199,-740.205942,9326.594869
3726.372743,383.047749,-666.185348,9400.615463
3726.373058,76.609550,-518.144159,9992.780217
3726.373372,153.219100,-296.082377,10436.903782
3726.373687,229.828649,370.102971,10140.821405
3726.374001,689.485948,814.226536,9992.780217
3726.374316,612.876398,1258.350101,8808.450710
3726.374630,306.438199,1406.391290,8364.327145
3726.374945,383.047749,592.164754,8808.450710
3726.375259,229.828649,-148.041188,8660.409521
3726.375574,-153.219100,-444.123565,9548.656652
3726.375888,0.000000,-592.164754,10436.903782
3726.376203,0.000000,-74.020594,11325.150913
3726.376518,153.219100,222.061783,11399.171507
3726.376832,612.876398,1258.350101,10362.883188
3726.377147,229.828649,1776.494261,9696.697840
3726.377461,229.828649,1628.453072,9178.553681
3726.377776,612.876398,888.247130,9030.512492
3726.378090,842.705048,-0.000000,9400.615463
3726.378405,459.657299,-0.000000,8882.471304
3726.378719,612.876398,-296.082377,9400.615463
3726.379034,76.609550,-444.123565,10288.862594
3726.379348,0.000000,-296.082377,10881.027347
3726.379663,383.047749,444.123565,10510.924376
3726.379977,229.828649,1036.288319,9104.533087
3726.380292,0.000000,1406.391290,8290.306550
3726.380606,383.047749,518.144159,9030.512492
3726.380921,383.047749,-0.000000,8956.491898
3726.381235,-536.266849,-814.226536,8882.471304
3726.381550,-306.438199,-1184.329507,10214.842000
3726.381864,-536.266849,-888.247130,10807.006753
3726.382179,-842.705048,-370.102971,10807.006753
3726.382494,-459.657299,-0.000000,10881.027347
3726.382808,-229.828649,740.205942,10214.842000
3726.383123,-229.828649,888.247130,9104.533087
3726.383437,0.000000,740.205942,9104.533087
3726.383752,-306.438199,222.061783,8808.450710
3726.384066,459.657299,-666.185348,9474.636058
3726.384381,76.609550,-814.226536,8956.491898
3726.384695,76.609550,-1184.329507,9474.636058
3726.385010,306.438199,-740.205942,10362.883188
3726.385324,0.000000,-444.123565,10510.924376
3726.385639,-229.828649,370.102971,9696.697840
3726.385953,0.000000,814.226536,9030.512492
3726.386268,76.609550,1332.370696,8216.285956
3726.386582,76.609550,74.020594,8586.388927
3726.386897,76.609550,-666.185348,9030.512492
3726.387211,-229.828649,-1480.411884,9474.636058
3726.387526,-459.657299,-1406.391290,9696.697840
3726.387840,-612.876398,-1110.308913,10807.006753
3726.388155,0.000000,-222.061783,11029.068536
3726.388469,0.000000,296.082377,10732.986159
3726.388784,0.000000,888.247130,9622.677246
3726.389099,306.438199,1184.329507,8660.409521
3726.389413,306.438199,740.205942,8364.327145
3726.389728,459.657299,222.061783,8660.409521
3726.390042,536.266849,-962.267725,8734.430116
3726.390357,0.000000,-1406.391290,9104.533087
3726.390671,383.047749,-1036.288319,9474.636058
3726.390986,459.657299,-370.102971,10510.924376
3726.391300,229.828649,-0.000000,10658.965565
3726.391615,0.000000,222.061783,10140.821405
3726.391929,0.000000,518.144159,8882.471304
3726.392244,306.438199,814.226536,8290.306550
3726.392558,229.828649,-148.041188,8512.368333
3726.392873,612.876398,-518.144159,9104.533087
3726.393187,76.609550,-888.247130,9400.615463
3726.393502,0.000000,-814.226536,10214.842000
3726.393816,229.828649,-0.000000,10732.986159
3726.394131,459.657299,444.123565,10807.006753
3726.394445,1072.533697,1110.308913,10214.842000
3726.394760,383.047749,1628.453072,9696.697840
3726.395075,76.609550,1924.535449,8808.450710
3726.395389,306.438199,1184.329507,8808.450710
3726.395704,612.876398,148.041188,9400.615463
3726.396018,459.657299,-740.205942,9474.636058
3726.396333,229.828649,-1036.288319,9770.718434
3726.396647,306.438199,-222.061783,10066.800811
3726.396962,-306.438199,-222.061783,10881.027347
3726.397276,76.609550,666.185348,10807.006753
3726.397591,0.000000,1702.473667,9770.718434
3726.397905,76.609550,1850.514855,9030.512492
3726.398220,76.609550,1406.391290,8512.368333
3726.398534,689.485948,-148.041188,8808.450710
3726.398849,536.266849,-370.102971,9400.615463
3726.399163,0.000000,-444.123565,9844.739029
3726.399478,-229.828649,-0.000000,9844.739029
3726.399792,0.000000,666.185348,10584.944971
3726.400107,0.000000,444.123565,10955.047942
3726.400421,0.000000,1110.308913,10066.800811
3726.400736,-306.438199,1332.370696,9326.594869
3726.401051,-689.485948,1184.329507,8734.430116
3726.401365,-536.266849,518.144159,8956.491898
3726.401680,-306.438199,-370.102971,9252.574275
3726.401994,-383.047749,-1184.329507,9326.594869
3726.402309,-306.438199,-888.247130,10140.821405
3726.402623,0.000000,-296.082377,10214.842000
3726.402938,76.609550,222.061783,10436.903782
3726.403252,76.609550,1184.329507,9696.697840
3726.403567,459.657299,1628.453072,9104.533087
3726.403881,459.657299,1554.432478,8290.306550
3726.404196,536.266849,1036.288319,8216.285956
3726.404510,229.828649,-222.061783,8956.491898
3726.404825,459.657299,-592.164754,9474.636058
3726.405139,0.000000,-666.185348,9770.718434
3726.405454,0.000000,-370.102971,10436.903782
3726.405768,0.000000,-222.061783,10658.965565
3726.406083,229.828649,296.082377,10510.924376
3726.406397,229.828649,888.247130,9696.697840
3726.406712,306.438199,1332.370696,9178.553681
3726.407026,229.828649,1110.308913,8734.430116
3726.407341,995.924147,1332.370696,8438.347739
3726.407656,842.705048,-0.000000,8586.388927
3726.407970,383.047749,-1110.308913,9400.615463
3726.408285,306.438199,-814.226536,10214.842000
3726.408599,0.000000,-444.123565,10807.006753
3726.408914,153.219100,-0.000000,11103.089130
3726.409228,0.000000,740.205942,10510.924376
3726.409543,0.000000,1184.329507,9770.718434
3726.409857,0.000000,814.226536,8660.409521
3726.410172,0.000000,-0.000000,8660.409521
3726.410486,306.438199,-296.082377,8882.471304
3726.410801,306.438199,-1036.288319,9474.636058
3726.411115,459.657299,-814.226536,9622.677246
3726.411430,-689.485948,-518.144159,10066.800811
3726.411744,-306.438199,-148.041188,10881.027347
3726.412059,229.828649,-0.000000,10214.842000
3726.412373,153.219100,666.185348,9474.636058
3726.412688,153.219100,518.144159,8956.491898
3726.413002,0.000000,222.061783,8586.388927
3726.413317,76.609550,-444.123565,9104.533087
3726.413632,76.609550,-814.226536,8882.471304
3726.413946,-383.047749,-666.185348,9400.615463
3726.414261,153.219100,-2368.659014,10955.047942
3726.414575,153.219100,-296.082377,10436.903782
3726.414890,-76.609550,296.082377,10510.924376
3726.415204,0.000000,-0.000000,10214.842000
3726.415519,-383.047749,518.144159,9030.512492
3726.415833,0.000000,1036.288319,8660.409521
3726.416148,459.657299,-222.061783,8882.471304
3726.416462,612.876398,-592.164754,9104.533087
3726.416777,383.047749,-814.226536,9474.636058
3726.417091,0.000000,-888.247130,9696.697840
3726.417406,153.219100,-0.000000,10362.883188
3726.417720,229.828649,444.123565,10807.006753
3726.418035,383.047749,740.205942,9696.697840
3726.418349,383.047749,1110.308913,8808.450710
3726.418664,153.219100,666.185348,8808.450710
3726.418978,-383.047749,-0.000000,8586.388927
3726.419293,0.000000,-296.082377,9326.594869
3726.419608,0.000000,-740.205942,9474.636058
3726.419922,0.000000,-962.267725,9844.739029
3726.420237,-153.219100,-444.123565,10881.027347
3726.420551,-229.828649,-296.082377,11103.089130
3726.420866,0.000000,518.144159,10510.924376
3726.421180,153.219100,1406.391290,9474.636058
3726.421495,306.438199,1480.411884,9104.533087
3726.421809,383.047749,1258.350101,8364.327145
3726.422124,842.705048,592.164754,8586.388927
3726.422438,536.266849,-0.000000,8956.491898
3726.422753,229.828649,-814.226536,9474.636058
3726.423067,383.047749,-370.102971,9918.759623
3726.423382,0.000000,-444.123565,10584.944971
3726.423696,0.000000,296.082377,10955.047942
3726.424011,-76.609550,592.164754,10214.842000
3726.424325,0.000000,962.267725,9474.636058
3726.424640,-612.876398,962.267725,8808.450710
3726.424954,153.219100,592.164754,9104.533087
3726.425269,229.828649,-0.000000,9178.553681
3726.425584,153.219100,-370.102971,8956.491898
3726.425898,229.828649,-592.164754,9992.780217
3726.426213,383.047749,-148.041188,10214.842000
3726.426527,459.657299,592.164754,10881.027347
3726.426842,383.047749,1110.308913,10066.800811
3726.427156,306.438199,1554.432478,9622.677246
3726.427471,306.438199,1332.370696,9178.553681
3726.427785,229.828649,814.226536,8808.450710
3726.428100,306.438199,74.020594,9400.615463
3726.428414,229.828649,-444.123565,9622.677246
3726.428729,0.000000,-888.247130,9696.697840
3726.429043,229.828649,-370.102971,10510.924376
3726.429358,0.000000,370.102971,10658.965565
3726.429672,459.657299,592.164754,10658.965565
3726.429987,0.000000,1184.329507,9696.697840
3726.430301,0.000000,1480.411884,9178.553681
3726.430616,153.219100,1036.288319,9178.553681
3726.430930,76.609550,-0.000000,8882.471304
3726.431245,229.828649,-370.102971,9326.594869
3726.431559,0.000000,-444.123565,9622.677246
3726.431874,0.000000,-296.082377,9992.780217
3726.432189,229.828649,-74.020594,10362.883188
3726.432503,229.828649,592.164754,10584.944971
3726.432818,0.000000,1110.308913,10214.842000
3726.433132,0.000000,1332.370696,9178.553681
3726.433447,-76.609550,592.164754,8586.388927
3726.433761,-1149.143247,-74.020594,8882.471304
3726.434076,0.000000,-444.123565,9252.574275
3726.434390,-229.828649,-1036.288319,9252.574275
3726.434705,-383.047749,-1258.350101,10066.800811
3726.435019,-306.438199,-814.226536,10584.944971
3726.435334,153.219100,-444.123565,10807.006753
3726.435648,229.828649,370.102971,9844.739029
3726.435963,153.219100,888.247130,9548.656652
3726.436277,229.828649,962.267725,8660.409521
3726.436592,1072.533697,222.061783,8660.409521
3726.436906,1225.752797,-0.000000,8956.491898
3726.437221,229.828649,-740.205942,9104.533087
3726.437535,153.219100,-1406.391290,9178.553681
3726.437850,0.000000,-962.267725,9844.739029
3726.438165,153.219100,-74.020594,10436.903782
3726.438479,153.219100,-0.000000,10510.924376
3726.438794,76.609550,518.144159,9918.759623
3726.439108,0.000000,962.267725,9400.615463
3726.439423,-153.219100,592.164754,8438.347739
3726.439737,0.000000,-222.061783,8808.450710
3726.440052,-229.828649,-1110.308913,8956.491898
3726.440366,0.000000,-1036.288319,9992.780217
3726.440681,-306.438199,-740.205942,10288.862594
3726.440995,-76.609550,-0.000000,10436.903782
3726.441310,76.609550,-74.020594,10881.027347
3726.441624,153.219100,1110.308913,10362.883188
3726.441939,383.047749,1480.411884,9696.697840
3726.442253,76.609550,1480.411884,9252.574275
3726.442568,229.828649,740.205942,8882.471304
3726.442882,842.705048,-0.000000,9030.512492
3726.443197,612.876398,-444.123565,9474.636058
3726.443511,306.438199,-296.082377,9844.739029
3726.443826,0.000000,-222.061783,10436.903782
3726.444141,0.000000,-74.020594,10066.800811
3726.444455,766.095498,814.226536,10362.883188
3726.444770,0.000000,962.267725,9696.697840
3726.445084,0.000000,666.185348,8586.388927
3726.445399,0.000000,444.123565,8734.430116
3726.445713,229.828649,-148.041188,9178.553681
3726.446028,229.828649,-518.144159,9104.533087
3726.446342,0.000000,-592.164754,9622.677246
3726.446657,0.000000,-148.041188,9992.780217
3726.446971,229.828649,-0.000000,10436.903782
3726.447286,153.219100,592.164754,10584.944971
3726.447600,0.000000,666.185348,10214.842000
3726.447915,229.828649,1480.411884,9474.636058
3726.448229,229.828649,1332.370696,8512.368333
3726.448544,612.876398,370.102971,8512.368333
3726.448858,1685.410096,-518.144159,9400.615463
3726.449173,229.828649,-740.205942,9548.656652
3726.449487,153.219100,-592.164754,9548.656652
3726.449802,-153.219100,-222.061783,10362.883188
3726.450116,0.000000,-0.000000,10584.944971
3726.450431,383.047749,296.082377,9844.739029
3726.450746,-229.828649,370.102971,9178.553681
3726.451060,-153.219100,592.164754,9252.574275
3726.451375,0.000000,444.123565,8808.450710
3726.451689,0.000000,-222.061783,9326.594869
3726.452004,-153.219100,-740.205942,9474.636058
3726.452318,-612.876398,-370.102971,9696.697840
3726.452633,229.828649,-666.185348,10732.986159
3726.452947,153.219100,666.185348,10955.047942
3726.453262,0.000000,1036.288319,10362.883188
3726.453576,536.266849,1332.370696,9474.636058
3726.453891,229.828649,1702.473667,8734.430116
3726.454205,383.047749,1258.350101,8734.430116
3726.454520,383.047749,222.061783,8808.450710
3726.454834,383.047749,-444.123565,8734.430116
3726.455149,0.000000,-962.267725,9474.636058
3726.455463,-306.438199,-740.205942,9844.739029
3726.455778,-306.438199,-814.226536,10288.862594
3726.456092,0.000000,-296.082377,10584.944971
3726.456407,153.219100,-0.000000,9992.780217
3726.456722,0.000000,666.185348,9252.574275
3726.457036,0.000000,592.164754,8734.430116
3726.457351,306.438199,296.082377,8734.430116
3726.457665,1072.533697,-0.000000,8956.491898
3726.457980,229.828649,-518.144159,8808.450710
3726.458294,0.000000,-814.226536,9474.636058
3726.458609,153.219100,-518.144159,10955.047942
3726.458923,153.219100,-222.061783,10584.944971
3726.459238,612.876398,666.185348,9992.780217
3726.459552,153.219100,-0.000000,9696.697840
3726.459867,689.485948,444.123565,9030.512492
3726.460181,842.705048,444.123565,8512.368333
3726.460496,612.876398,-148.041188,8808.450710
3726.460810,0.000000,-814.226536,9252.574275
3726.461125,0.000000,-1184.329507,9326.594869
3726.461439,0.000000,-740.205942,9844.739029
3726.461754,0.000000,-666.185348,10732.986159
3726.462068,76.609550,-0.000000,10288.862594
3726.462383,76.609550,370.102971,9918.759623
3726.462697,0.000000,1110.308913,8882.471304
3726.463012,0.000000,962.267725,9030.512492
3726.463326,536.266849,666.185348,9104.533087
3726.463641,689.485948,-74.020594,9326.594869
3726.463955,0.000000,-222.061783,9474.636058
3726.464270,0.000000,-148.041188,10140.821405
3726.464585,-229.828649,370.102971,10362.883188
3726.464899,0.000000,222.061783,10881.027347
3726.465214,0.000000,814.226536,10288.862594
3726.465528,153.219100,592.164754,9474.636058
3726.465843,-306.438199,962.267725,8808.450710
3726.466157,0.000000,444.123565,9104.533087
3726.466472,0.000000,-0.000000,8660.409521
3726.466786,0.000000,-518.144159,9252.574275
3726.467101,-536.266849,-296.082377,9548.656652
3726.467415,-306.438199,-296.082377,9918.759623
3726.467730,0.000000,148.041188,10436.903782
3726.468044,0.000000,666.185348,10584.944971
3726.468359,153.219100,1628.453072,9548.656652
3726.468673,-306.438199,1406.391290,9178.553681
3726.468988,153.219100,1480.411884,8290.306550
3726.469302,0.000000,740.205942,9252.574275
3726.469617,-306.438199,-148.041188,9474.636058
3726.469931,-459.657299,-740.205942,9548.656652
3726.470246,-536.266849,-518.144159,10140.821405
3726.470560,-689.485948,-444.123565,10732.986159
3726.470875,-689.485948,-74.020594,10807.006753
3726.471189,-1149.143247,370.102971,10288.862594
3726.471504,-919.314598,518.144159,9178.553681
3726.471818,-995.924147,148.041188,9326.594869
3726.472133,-1072.533697,-444.123565,9326.594869
3726.472448,-995.924147,-1332.370696,9548.656652
3726.472762,-1378.971896,-1480.411884,9918.759623
3726.473077,-1455.581446,-1554.432478,10362.883188
3726.473391,-1455.581446,-1110.308913,10807.006753
3726.473706,-1149.143247,-740.205942,11103.089130
3726.474020,-842.705048,-148.041188,10807.006753
3726.474335,-919.314598,296.082377,9696.697840
3726.474649,-842.705048,222.061783,9326.594869
3726.474964,-1072.533697,-0.000000,9104.533087
3726.475278,-1225.752797,-814.226536,8512.368333
3726.475593,-995.924147,-1850.514855,8956.491898
3726.475907,-1378.971896,-2590.720797,9400.615463
3726.476222,-1532.190996,-2516.700203,10214.842000
3726.476536,-2221.676944,-2368.659014,10732.986159
3726.476851,-2145.067394,-2220.617826,11103.089130
3726.477165,-2145.067394,-1554.432478,10362.883188
3726.477480,-2145.067394,-1332.370696,9474.636058
3726.477794,-1762.019645,-1036.288319,9252.574275
3726.478109,-1762.019645,-1110.308913,8438.347739
3726.478423,-1302.362347,-1258.350101,7994.224174
3726.478738,-1225.752797,-1924.535449,7920.203579
3726.479052,-1302.362347,-2294.638420,7920.203579
3726.479367,-919.314598,-2442.679609,9252.574275
3726.479681,-1455.581446,-2516.700203,9622.677246
3726.479996,-1991.848295,-2812.782580,10584.944971
3726.480310,-2451.505594,-2812.782580,10881.027347
3726.480625,-2528.115143,-2590.720797,10807.006753
3726.480940,-1838.629195,-2738.761985,10584.944971
3726.481254,-2374.896044,-1998.556043,10214.842000
3726.481569,-2145.067394,-1850.514855,9104.533087
3726.481883,-1685.410096,-1924.535449,8142.265362
3726.482198,-766.095498,-2294.638420,7624.121203
3726.482512,-995.924147,-2664.741391,7476.080014
3726.482827,-689.485948,-2590.720797,7994.224174
3726.483141,-919.314598,-2960.823768,9104.533087
3726.483456,-1532.190996,-3034.844362,10436.903782
3726.483770,-1378.971896,-3330.926739,10955.047942
3726.484085,-2298.286494,-3478.967927,11325.150913
3726.484399,-2604.724693,-3108.864956,11103.089130
3726.484714,-2757.943793,-2812.782580,10584.944971
3726.485028,-2374.896044,-2146.597232,9770.718434
3726.485343,-1762.019645,-1480.411884,9104.533087
3726.485657,-1225.752797,-1554.432478,7846.182985
3726.485972,-766.095498,-1628.453072,7105.977043
3726.486286,-842.705048,-2146.597232,7698.141797
3726.486601,-1149.143247,-2738.761985,8364.327145
3726.486915,-1991.848295,-3256.906145,9400.615463
3726.487230,-2451.505594,-3256.906145,10362.883188
3726.487544,-2911.162892,-3627.009116,12065.356855
3726.487859,-2834.553343,-3404.947333,12509.480420
3726.488173,-2987.772442,-2812.782580,11695.253884
3726.488488,-3753.867940,-2146.597232,11325.150913
3726.488803,-2757.943793,-1258.350101,9992.780217
3726.489117,-1991.848295,-1184.329507,9252.574275
3726.489432,-612.876398,-888.247130,7698.141797
3726.489746,0.000000,-518.144159,6513.812290
3726.490061,76.609550,-444.123565,6217.729913
3726.490375,0.000000,-1258.350101,6809.894666
3726.490690,-459.657299,-2294.638420,7698.141797
3726.491004,-1762.019645,-2664.741391,9326.594869
3726.491319,-2911.162892,-2812.782580,10066.800811
3726.491633,-3983.696590,-3404.947333,11325.150913
3726.491948,-4213.525239,-3108.864956,11843.295072
3726.492262,-3983.696590,-3108.864956,11917.315666
3726.492577,-4366.744339,-2516.700203,11103.089130
3726.492891,-4443.353888,-2442.679609,10584.944971
3726.493206,-2604.724693,-1702.473667,10140.821405
3726.493520,-1915.238745,-222.061783,8882.471304
3726.493835,-766.095498,-0.000000,7994.224174
3726.494149,0.000000,222.061783,7624.121203
3726.494464,-229.828649,-296.082377,8438.347739
3726.494778,-383.047749,-962.267725,9104.533087
3726.495093,-1455.581446,-1776.494261,10214.842000
3726.495407,-2681.334243,-2220.617826,11251.130318
3726.495722,-2987.772442,-2146.597232,11473.192101
3726.496036,-3524.039291,-2368.659014,11769.274478
3726.496351,-3753.867940,-2738.761985,11325.150913
3726.496666,-3830.477490,-2516.700203,11325.150913
3726.496980,-3294.210641,-2220.617826,10362.883188
3726.497295,-2451.505594,-1850.514855,9178.553681
3726.497609,-919.314598,-1258.350101,8364.327145
3726.497924,-383.047749,-1036.288319,7698.141797
3726.498238,76.609550,-1036.288319,7920.203579
3726.498553,229.828649,-1184.329507,8068.244768
3726.498867,0.000000,-1110.308913,8216.285956
3726.499182,-459.657299,-1480.411884,9326.594869
3726.499496,-1532.190996,-1184.329507,9622.677246
3726.499811,-2145.067394,-962.267725,10214.842000
3726.500125,-2604.724693,-1332.370696,10436.903782
3726.500440,-3370.820191,-2146.597232,10510.924376
3726.500754,-3140.991542,-2368.659014,10288.862594
3726.501069,-3140.991542,-2590.720797,10436.903782
3726.501383,-2834.553343,-2664.741391,10140.821405
3726.501698,-2451.505594,-2664.741391,9992.780217
3726.502012,-1838.629195,-1998.556043,9474.636058
3726.502327,-1225.752797,-2220.617826,9474.636058
3726.502641,-995.924147,-1776.494261,9178.553681
3726.502956,-1072.533697,-1184.329507,9622.677246
3726.503270,-383.047749,-962.267725,9474.636058
3726.503585,-612.876398,-1036.288319,9178.553681
3726.503899,-612.876398,-814.226536,8512.368333
3726.504214,-766.095498,-962.267725,8512.368333
3726.504529,-1149.143247,-1480.411884,8734.430116
3726.504843,-1302.362347,-2368.659014,8882.471304
3726.505158,-1838.629195,-2738.761985,9104.533087
3726.505472,-1991.848295,-3330.926739,9400.615463
3726.505787,-2068.457845,-3330.926739,10066.800811
3726.506101,-2221.676944,-3404.947333,10584.944971
3726.506416,-1455.581446,-2812.782580,10584.944971
3726.506730,-1608.800546,-2220.617826,11103.089130
3726.507045,-766.095498,-1702.473667,10288.862594
3726.507359,-383.047749,-888.247130,9400.615463
3726.507674,0.000000,-0.000000,8660.409521
3726.507988,536.266849,444.123565,7624.121203
3726.508303,536.266849,148.041188,7179.997637
3726.508617,459.657299,-592.164754,7105.977043
3726.508932,-306.438199,-1406.391290,7698.141797
3726.509246,-689.485948,-2368.659014,9030.512492
3726.509561,-1838.629195,-3182.885551,9992.780217
3726.509875,-3064.381992,-3478.967927,11029.068536
3726.510190,-3064.381992,-3552.988522,11325.150913
3726.510504,-2911.162892,-3108.864956,11695.253884
3726.510819,-2757.943793,-1776.494261,10955.047942
3726.511133,-2451.505594,-518.144159,10362.883188
3726.511448,-1838.629195,592.164754,8586.388927
3726.511762,-919.314598,962.267725,8216.285956
3726.512077,0.000000,592.164754,7624.121203
3726.512391,-459.657299,296.082377,7772.162391
3726.512706,-919.314598,-296.082377,8290.306550
3726.513021,-1915.238745,-1110.308913,9030.512492
3726.513335,-2374.896044,-1332.370696,9918.759623
3726.513650,-3294.210641,-1628.453072,10807.006753
3726.513964,-4213.525239,-2072.576638,11769.274478
3726.514279,-4443.353888,-2442.679609,11843.295072
3726.514593,-4673.182538,-2738.761985,11103.089130
3726.514908,-4673.182538,-2442.679609,10732.986159
3726.515222,-4596.572988,-2664.741391,10881.027347
3726.515537,-4213.525239,-2516.700203,10658.965565
3726.515851,-3294.210641,-1776.494261,10362.883188
3726.516166,-2374.896044,-962.267725,9622.677246
3726.516480,-1225.752797,-666.185348,9696.697840
3726.516795,-1225.752797,-518.144159,9252.574275
3726.517109,-1149.143247,-666.185348,9252.574275
3726.517424,-1838.629195,-1480.411884,9844.739029
3726.517738,-2221.676944,-2294.638420,9992.780217
3726.518053,-2834.553343,-2960.823768,10140.821405
3726.518367,-3217.601092,-3552.988522,10510.924376
3726.518682,-3983.696590,-4367.215058,10214.842000
3726.518996,-4366.744339,-4515.256246,10436.903782
3726.519311,-4826.401637,-4367.215058,10584.944971
3726.519625,-4596.572988,-4145.153275,10658.965565
3726.519940,-3753.867940,-3997.112087,10584.944971
3726.520254,-2604.724693,-3701.029710,10066.800811
3726.520569,-1762.019645,-3182.885551,10066.800811
3726.520884,-1302.362347,-2368.659014,9326.594869
3726.521198,-459.657299,-1998.556043,8438.347739
3726.521513,229.828649,-1554.432478,7846.182985
3726.521827,995.924147,-1036.288319,7402.059420
3726.522142,842.705048,-1036.288319,6735.874072
3726.522456,0.000000,-1628.453072,6809.894666
3726.522771,-842.705048,-2516.700203,7254.018232
3726.523085,-2298.286494,-3627.009116,8586.388927
3726.523400,-3064.381992,-5033.400406,9548.656652
3726.523714,-4060.306139,-5403.503377,9770.718434
3726.524029,-3983.696590,-4959.379811,10066.800811
3726.524343,-3600.648841,-4737.318029,10066.800811
3726.524658,-1915.238745,-3701.029710,10214.842000
3726.524972,-1608.800546,-2590.720797,9844.739029
3726.525287,-1225.752797,-2220.617826,8808.450710
3726.525601,0.000000,-1628.453072,8068.244768
3726.525916,842.705048,-1258.350101,7846.182985
3726.526230,842.705048,-444.123565,7698.141797
3726.526545,1225.752797,-592.164754,7402.059420
3726.526859,229.828649,-962.267725,7402.059420
3726.527174,0.000000,-1184.329507,7698.141797
3726.527488,-1072.533697,-1702.473667,8068.244768
3726.527803,-1608.800546,-2442.679609,8142.265362
3726.528117,-2757.943793,-3256.906145,9474.636058
3726.528432,-3600.648841,-4145.153275,10288.862594
3726.528747,-4596.572988,-4367.215058,10658.965565
3726.529061,-4826.401637,-4367.215058,11399.171507
3726.529376,-4366.744339,-3849.070898,11843.295072
3726.529690,-3524.039291,-2368.659014,11473.192101
3726.530005,-2681.334243,-1258.350101,11325.150913
3726.530319,-1532.190996,-0.000000,10658.965565
3726.530634,-995.924147,1184.329507,10288.862594
3726.530948,-536.266849,1628.453072,9178.553681
3726.531263,0.000000,1850.514855,8956.491898
3726.531577,0.000000,2368.659014,8290.306550
3726.531892,-306.438199,888.247130,8068.244768
3726.532206,-1149.143247,-296.082377,8586.388927
3726.532521,-2298.286494,-1406.391290,9104.533087
3726.532835,-3600.648841,-2072.576638,10288.862594
3726.533150,-4979.620737,-2738.761985,11843.295072
3726.533464,-5439.278036,-3404.947333,13471.748144
3726.533779,-5209.449386,-3997.112087,14063.912898
3726.534093,-4596.572988,-2960.823768,13693.809927
3726.534408,-3983.696590,-1184.329507,13471.748144
3726.534722,-2374.896044,296.082377,11917.315666
3726.535037,-612.876398,1924.535449,9992.780217
3726.535351,1608.800546,2886.803174,8512.368333
3726.535666,2757.943793,2960.823768,6957.935855
3726.535980,3524.039291,2812.782580,6587.832884
3726.536295,3140.991542,2294.638420,6957.935855
3726.536609,1915.238745,888.247130,7476.080014
3726.536924,1455.581446,-1036.288319,9992.780217
3726.537239,-919.314598,-1850.514855,11177.109724
3726.537553,-2451.505594,-2886.803174,11917.315666
3726.537868,-3294.210641,-3478.967927,12139.377449
3726.538182,-4060.306139,-3034.844362,12065.356855
3726.538497,-3140.991542,-2664.741391,10732.986159
3726.538811,-2298.286494,-1998.556043,9252.574275
3726.539126,-1149.143247,-1406.391290,7994.224174
3726.539440,-153.219100,-296.082377,6957.935855
3726.539755,766.095498,-0.000000,6735.874072
3726.540069,2374.896044,-296.082377,7105.977043
3726.540384,2528.115143,-148.041188,8438.347739
3726.540698,1991.848295,444.123565,9474.636058
3726.541013,995.924147,222.061783,10140.821405
3726.541327,689.485948,-0.000000,10584.944971
3726.541642,-153.219100,-296.082377,10362.883188
3726.541956,-842.705048,-296.082377,10140.821405
3726.542271,-995.924147,-666.185348,9326.594869
3726.542585,-995.924147,-666.185348,7994.224174
3726.542900,-919.314598,-1628.453072,7698.141797
3726.543214,-306.438199,-1628.453072,6957.935855
3726.543529,-306.438199,-1628.453072,7846.182985
3726.543843,153.219100,-1332.370696,8364.327145
3726.544158,383.047749,-1258.350101,9474.636058
3726.544472,612.876398,-592.164754,9918.759623
3726.544787,1225.752797,148.041188,10066.800811
3726.545102,383.047749,1332.370696,9474.636058
3726.545416,459.657299,1628.453072,9252.574275
3726.545731,536.266849,1628.453072,8586.388927
3726.546045,612.876398,1036.288319,8734.430116
3726.546360,536.266849,666.185348,9326.594869
3726.546674,306.438199,296.082377,9104.533087
3726.546989,-229.828649,666.185348,9104.533087
3726.547303,-995.924147,-0.000000,9844.739029
3726.547618,-1149.143247,592.164754,10436.903782
3726.547932,-1149.143247,-370.102971,10807.006753
3726.548247,-1608.800546,-592.164754,11251.130318
3726.548561,-2068.457845,-1258.350101,11473.192101
3726.548876,-2298.286494,-1110.308913,12435.459826
3726.549190,-1838.629195,-518.144159,12435.459826
3726.549505,-766.095498,444.123565,12139.377449
3726.549819,-153.219100,2220.617826,10658.965565
3726.550134,766.095498,3108.864956,9252.574275
3726.550448,1378.971896,3256.906145,8290.306550
3726.550763,2145.067394,2516.700203,8438.347739
3726.551077,2068.457845,1332.370696,8142.265362
3726.551392,1378.971896,-0.000000,7994.224174
3726.551706,229.828649,-1110.308913,9104.533087
3726.552021,-612.876398,-1924.535449,10881.027347
3726.552335,-1532.190996,-2368.659014,12065.356855
3726.552650,-1838.629195,-1702.473667,11991.336260
3726.552965,-1991.848295,-888.247130,12065.356855
3726.553279,-1378.971896,444.123565,11251.130318
3726.553594,-459.657299,1480.411884,9844.739029
3726.553908,306.438199,1924.535449,8882.471304
3726.554223,766.095498,1480.411884,7994.224174
3726.554537,1838.629195,1110.308913,7328.038826
3726.554852,2451.505594,222.061783,7624.121203
3726.555166,2681.334243,-74.020594,8882.471304
3726.555481,2145.067394,518.144159,9474.636058
3726.555795,1608.800546,444.123565,9030.512492
3726.556110,612.876398,814.226536,9400.615463
3726.556424,306.438199,888.247130,9696.697840
3726.556739,-229.828649,444.123565,9474.636058
3726.557053,-689.485948,-74.020594,9178.553681
3726.557368,-1225.752797,-74.020594,8438.347739
3726.557682,-919.314598,-444.123565,8512.368333
3726.557997,-383.047749,-1184.329507,8734.430116
3726.558311,919.314598,-1110.308913,8956.491898
3726.558626,383.047749,-148.041188,8808.450710
3726.558940,536.266849,888.247130,8364.327145
3726.559255,842.705048,1776.494261,8882.471304
3726.559570,919.314598,1850.514855,9326.594869
3726.559884,1149.143247,592.164754,9548.656652
3726.560199,689.485948,814.226536,9400.615463
3726.560513,306.438199,-0.000000,9474.636058
3726.560828,0.000000,222.061783,10362.883188
3726.561142,0.000000,-0.000000,10807.006753
3726.561457,-612.876398,444.123565,11103.089130
3726.561771,-229.828649,888.247130,10140.821405
3726.562086,0.000000,962.267725,9474.636058
3726.562400,76.609550,814.226536,9400.615463
3726.562715,383.047749,-74.020594,9326.594869
3726.563029,0.000000,-592.164754,9252.574275
3726.563344,0.000000,-1036.288319,9104.533087
3726.563658,0.000000,-1332.370696,9696.697840
3726.563973,0.000000,-518.144159,11251.130318
3726.564288,0.000000,148.041188,11769.274478
3726.564602,0.000000,1480.411884,11251.130318
3726.564917,0.000000,2146.597232,10584.944971
3726.565231,306.438199,2442.679609,9918.759623
3726.565546,689.485948,2146.597232,9252.574275
3726.565860,459.657299,814.226536,9178.553681
3726.566175,229.828649,370.102971,8956.491898
3726.566489,459.657299,-296.082377,9474.636058
3726.566804,0.000000,-962.267725,9696.697840
3726.567118,0.000000,-962.267725,10955.047942
3726.567433,-383.047749,-740.205942,11399.171507
3726.567747,-766.095498,148.041188,10732.986159
3726.568062,-689.485948,962.267725,10288.862594
3726.568376,-153.219100,1702.473667,9844.739029
3726.568691,0.000000,962.267725,9178.553681
3726.569006,229.828649,592.164754,8216.285956
3726.569320,0.000000,-148.041188,8142.265362
3726.569635,383.047749,-0.000000,8734.430116
3726.569949,919.314598,-296.082377,9474.636058
3726.570264,612.876398,-222.061783,9918.759623
3726.570578,0.000000,-222.061783,10436.903782
3726.570893,0.000000,-0.000000,10066.800811
3726.571207,0.000000,-0.000000,9844.739029
3726.571522,0.000000,-0.000000,9844.739029
3726.571836,-229.828649,-148.041188,9326.594869
3726.572151,-536.266849,-444.123565,8882.471304
3726.572465,0.000000,-962.267725,8586.388927
3726.572780,766.095498,-1184.329507,8808.450710
3726.573094,383.047749,-962.267725,9104.533087
3726.573409,612.876398,-666.185348,9104.533087
3726.573724,459.657299,148.041188,8734.430116
3726.574038,689.485948,222.061783,8734.430116
3726.574353,995.924147,370.102971,8586.388927
3726.574667,842.705048,-370.102971,8438.347739
3726.574982,383.047749,-740.205942,8808.450710
3726.575296,0.000000,-1036.288319,9104.533087
3726.575611,76.609550,-1332.370696,9696.697840
3726.575925,76.609550,-740.205942,10658.965565
3726.576240,-459.657299,-0.000000,10362.883188
3726.576554,-459.657299,222.061783,10362.883188
3726.576869,0.000000,370.102971,10436.903782
3726.577183,-459.657299,1406.391290,9178.553681
3726.577498,536.266849,370.102971,9178.553681
3726.577813,1072.533697,444.123565,8882.471304
3726.578127,383.047749,518.144159,8586.388927
3726.578442,689.485948,-518.144159,9622.677246
3726.578756,766.095498,-370.102971,10807.006753
3726.579071,459.657299,296.082377,10881.027347
3726.579385,-459.657299,1110.308913,10214.842000
3726.579700,-306.438199,1850.514855,10288.862594
3726.580014,-459.657299,1998.556043,9622.677246
3726.580329,153.219100,1480.411884,9548.656652
3726.580643,0.000000,962.267725,9178.553681
3726.580958,-229.828649,444.123565,9178.553681
3726.581272,-306.438199,-222.061783,10140.821405
3726.581587,-229.828649,-296.082377,10436.903782
3726.581901,229.828649,-370.102971,10510.924376
3726.582216,153.219100,592.164754,10881.027347
3726.582531,0.000000,1110.308913,10584.944971
3726.582845,0.000000,1850.514855,10436.903782
3726.583160,0.000000,1924.535449,9992.780217
3726.583474,306.438199,1776.494261,9178.553681
3726.583789,76.609550,1036.288319,8586.388927
3726.584103,0.000000,-74.020594,8882.471304
3726.584418,153.219100,-962.267725,10140.821405
3726.584732,0.000000,-1110.308913,10436.903782
3726.585047,-459.657299,-888.247130,10658.965565
3726.585361,-153.219100,-370.102971,10436.903782
3726.585676,-153.219100,444.123565,9918.759623
3726.585990,229.828649,962.267725,9474.636058
3726.586305,459.657299,444.123565,9104.533087
3726.586619,76.609550,296.082377,8734.430116
3726.586934,0.000000,-222.061783,8364.327145
3726.587249,-153.219100,-592.164754,9474.636058
3726.587563,0.000000,-740.205942,10214.842000
3726.587878,153.219100,-1110.308913,10066.800811
3726.588192,153.219100,-148.041188,9992.780217
3726.588507,0.000000,444.123565,9844.739029
3726.588821,612.876398,518.144159,9474.636058
3726.589136,459.657299,592.164754,8808.450710
3726.589450,459.657299,148.041188,8068.244768
3726.589765,459.657299,-296.082377,8438.347739
3726.590079,229.828649,-296.082377,8068.244768
3726.590394,153.219100,-1258.350101,9326.594869
3726.590708,306.438199,-888.247130,10140.821405
3726.591023,153.219100,-370.102971,9770.718434
3726.591338,0.000000,592.164754,9844.739029
3726.591652,-383.047749,1110.308913,9474.636058
3726.591967,76.609550,740.205942,9474.636058
3726.592281,459.657299,370.102971,8512.368333
3726.592596,766.095498,-148.041188,8142.265362
3726.592910,612.876398,-444.123565,8290.306550
3726.593225,689.485948,-740.205942,9030.512492
3726.593539,919.314598,-518.144159,9770.718434
3726.593854,459.657299,-0.000000,10214.842000
3726.594168,0.000000,962.267725,9770.718434
3726.594483,-383.047749,962.267725,9844.739029
3726.594797,0.000000,1258.350101,9844.739029
3726.595112,0.000000,592.164754,9548.656652
3726.595426,-306.438199,-74.020594,9400.615463
3726.595741,-383.047749,-518.144159,9030.512492
3726.596056,-229.828649,-888.247130,9474.636058
3726.596370,0.000000,-1110.308913,10510.924376
3726.596685,0.000000,-814.226536,10955.047942
3726.596999,76.609550,-0.000000,10510.924376
3726.597314,76.609550,888.247130,10584.944971
3726.597628,306.438199,1480.411884,9918.759623
3726.597943,229.828649,888.247130,9548.656652
3726.598257,0.000000,444.123565,9548.656652
3726.598572,0.000000,-0.000000,8882.471304
3726.598886,-306.438199,-518.144159,9474.636058
3726.599201,-229.828649,-1036.288319,10214.842000
3726.599515,0.000000,-962.267725,11399.171507
3726.599830,0.000000,-296.082377,11251.130318
3726.600144,-229.828649,296.082377,10214.842000
3726.600459,-383.047749,962.267725,10140.821405
3726.600774,229.828649,814.226536,9548.656652
3726.601088,459.657299,740.205942,8808.450710
3726.601403,76.609550,592.164754,8512.368333
3726.601717,0.000000,148.041188,8512.368333
3726.602032,153.219100,-148.041188,9474.636058
3726.602346,306.438199,-814.226536,10510.924376
3726.602661,-153.219100,-444.123565,10658.965565
3726.602975,-459.657299,296.082377,10288.862594
3726.603290,-459.657299,814.226536,9770.718434
3726.603604,0.000000,814.226536,9474.636058
3726.603919,153.219100,518.144159,9104.533087
3726.604233,153.219100,518.144159,8956.491898
3726.604548,383.047749,296.082377,7698.141797
3726.604862,306.438199,-222.061783,8216.285956
3726.605177,229.828649,-592.164754,9252.574275
3726.605492,612.876398,-518.144159,9474.636058
3726.605806,-76.609550,-222.061783,10214.842000
3726.606121,-229.828649,370.102971,9474.636058
3726.606435,-306.438199,814.226536,9178.553681
3726.606750,229.828649,1036.288319,9178.553681
3726.607064,383.047749,518.144159,8734.430116
3726.607379,229.828649,-0.000000,8216.285956
3726.607693,-153.219100,-444.123565,8882.471304
3726.608008,536.266849,-740.205942,9770.718434
3726.608322,766.095498,-666.185348,9992.780217
3726.608637,229.828649,-222.061783,10066.800811
3726.608951,0.000000,444.123565,9992.780217
3726.609266,0.000000,1406.391290,9696.697840
3726.609581,383.047749,1332.370696,9696.697840
3726.609895,76.609550,888.247130,9326.594869
3726.610210,306.438199,666.185348,9030.512492
3726.610524,-229.828649,148.041188,9178.553681
3726.610839,0.000000,-444.123565,9622.677246
3726.611153,153.219100,-666.185348,10807.006753
3726.611468,229.828649,-370.102971,11325.150913
3726.611782,0.000000,518.144159,10732.986159
3726.612097,153.219100,1406.391290,9844.739029
3726.612411,229.828649,1702.473667,9918.759623
3726.612726,536.266849,1628.453072,9622.677246
3726.613040,153.219100,814.226536,9252.574275
3726.613355,0.000000,-0.000000,9252.574275
3726.613669,-383.047749,-148.041188,9696.697840
3726.613984,-229.828649,-814.226536,10732.986159
3726.614299,-306.438199,-666.185348,10955.047942
3726.614613,0.000000,148.041188,11473.192101
3726.614928,-536.266849,814.226536,10288.862594
3726.615242,-229.828649,1258.350101,9918.759623
3726.615557,306.438199,1332.370696,9326.594869
3726.615871,459.657299,740.205942,8660.409521
3726.616186,612.876398,-0.000000,7994.224174
3726.616500,0.000000,-370.102971,9252.574275
3726.616815,-306.438199,-962.267725,9696.697840
3726.617129,0.000000,-1036.288319,10140.821405
3726.617444,0.000000,-740.205942,10436.903782
3726.617758,0.000000,-74.020594,9918.759623
3726.618073,-229.828649,518.144159,9696.697840
3726.618387,306.438199,592.164754,9178.553681
3726.618702,766.095498,444.123565,8808.450710
3726.619017,229.828649,148.041188,8216.285956
3726.619331,0.000000,-666.185348,8068.244768
3726.619646,76.609550,-962.267725,9030.512492
3726.619960,153.219100,-1628.453072,9548.656652
3726.620275,536.266849,-1036.288319,10214.842000
3726.620589,0.000000,-518.144159,9770.718434
3726.620904,-306.438199,666.185348,9844.739029
3726.621218,0.000000,814.226536,9548.656652
3726.621533,383.047749,740.205942,9400.615463
3726.621847,383.047749,370.102971,8734.430116
3726.622162,536.266849,-0.000000,8364.327145
3726.622476,306.438199,-370.102971,8956.491898
3726.622791,153.219100,-814.226536,9548.656652
3726.623106,153.219100,-1110.308913,10362.883188
3726.623420,229.828649,-296.082377,10732.986159
3726.623735,0.000000,592.164754,10214.842000
3726.624049,76.609550,962.267725,10436.903782
3726.624364,229.828649,1258.350101,9474.636058
3726.624678,383.047749,814.226536,8660.409521
3726.624993,153.219100,666.185348,8142.265362
3726.625307,0.000000,-0.000000,8660.409521
3726.625622,1378.971896,-518.144159,9474.636058
3726.625936,612.876398,-666.185348,10362.883188
3726.626251,153.219100,-518.144159,10140.821405
3726.626565,0.000000,148.041188,10140.821405
3726.626880,0.000000,962.267725,9918.759623
3726.627194,0.000000,1554.432478,10066.800811
3726.627509,459.657299,888.247130,9622.677246
3726.627824,229.828649,592.164754,8808.450710
3726.628138,0.000000,148.041188,8956.491898
3726.628453,0.000000,-592.164754,9474.636058
3726.628767,0.000000,-148.041188,11325.150913
3726.629082,0.000000,-592.164754,11325.150913
3726.629396,153.219100,-0.000000,10658.965565
3726.629711,153.219100,814.226536,10584.944971
3726.630025,-459.657299,740.205942,9992.780217
3726.630340,689.485948,1184.329507,9622.677246
3726.630654,612.876398,1036.288319,8882.471304
3726.630969,229.828649,592.164754,8290.306550
3726.631283,536.266849,-148.041188,8808.450710
3726.631598,612.876398,-814.226536,9622.677246
3726.631912,536.266849,-962.267725,10288.862594
3726.632227,0.000000,-444.123565,10436.903782
3726.632542,0.000000,-0.000000,10510.924376
3726.632856,-536.266849,1184.329507,10288.862594
3726.633171,229.828649,1036.288319,10140.821405
3726.633485,76.609550,888.247130,9474.636058
3726.633800,0.000000,296.082377,8660.409521
3726.634114,76.609550,-222.061783,8438.347739
3726.634429,-153.219100,-740.205942,9622.677246
3726.634743,153.219100,-888.247130,10584.944971
3726.635058,229.828649,-296.082377,10140.821405
3726.635372,153.219100,370.102971,9696.697840
3726.635687,383.047749,1110.308913,9326.594869
3726.636001,459.657299,1036.288319,8956.491898
3726.636316,612.876398,962.267725,8956.491898
3726.636631,383.047749,148.041188,8512.368333
3726.636945,229.828649,-222.061783,7920.203579
3726.637260,76.609550,-592.164754,8512.368333
3726.637574,153.219100,-1332.370696,9770.718434
3726.637889,0.000000,-1258.350101,9844.739029
3726.638203,-383.047749,-592.164754,10436.903782
3726.638518,-459.657299,148.041188,9844.739029
3726.638832,-459.657299,962.267725,9770.718434
3726.639147,536.266849,296.082377,9770.718434
3726.639461,153.219100,444.123565,9326.594869
3726.639776,0.000000,296.082377,8734.430116
3726.640090,0.000000,-0.000000,8882.471304
3726.640405,229.828649,-0.000000,9326.594869
3726.640719,612.876398,-370.102971,10362.883188
3726.641034,153.219100,-74.020594,10807.006753
3726.641349,0.000000,740.205942,9992.780217
3726.641663,76.609550,888.247130,9622.677246
3726.641978,76.609550,1036.288319,9622.677246
3726.642292,689.485948,148.041188,9326.594869
3726.642607,0.000000,222.061783,9030.512492
3726.642921,-306.438199,-148.041188,9030.512492
3726.643236,0.000000,-370.102971,9622.677246
3726.643550,-612.876398,-666.185348,10362.883188
3726.643865,0.000000,-370.102971,11177.109724
3726.644179,-383.047749,-296.082377,11029.068536
3726.644494,-383.047749,592.164754,10436.903782
3726.644808,-383.047749,888.247130,9918.759623
3726.645123,0.000000,1036.288319,10214.842000
3726.645437,-229.828649,518.144159,9696.697840
3726.645752,-229.828649,518.144159,8882.471304
3726.646067,76.609550,-0.000000,8882.471304
3726.646381,229.828649,-444.123565,9844.739029
3726.646696,612.876398,-962.267725,10732.986159
3726.647010,0.000000,-222.061783,11029.068536
3726.647325,-383.047749,444.123565,10140.821405
3726.647639,-153.219100,592.164754,10140.821405
3726.647954,229.828649,962.267725,9474.636058
3726.648268,536.266849,740.205942,8882.471304
3726.648583,306.438199,296.082377,8290.306550
3726.648897,153.219100,-222.061783,8142.265362
3726.649212,229.828649,-592.164754,9030.512492
3726.649526,76.609550,-1036.288319,9844.739029
3726.649841,0.000000,-740.205942,10584.944971
3726.650155,153.219100,-296.082377,10362.883188
3726.650470,76.609550,444.123565,9474.636058
3726.650785,536.266849,740.205942,9474.636058
3726.651099,689.485948,666.185348,9178.553681
3726.651414,612.876398,666.185348,8438.347739
3726.651728,76.609550,222.061783,8068.244768
3726.652043,229.828649,-370.102971,8734.430116
3726.652357,229.828649,-888.247130,9474.636058
3726.652672,766.095498,-1110.308913,10140.821405
3726.652986,459.657299,-0.000000,10288.862594
3726.653301,0.000000,666.185348,9844.739029
3726.653615,383.047749,1332.370696,9696.697840
3726.653930,306.438199,1036.288319,9252.574275
3726.654244,995.924147,666.185348,8734.430116
3726.654559,306.438199,222.061783,8660.409521
3726.654874,306.438199,-222.061783,8660.409521
3726.655188,153.219100,-814.226536,9622.677246
3726.655503,153.219100,-740.205942,10732.986159
3726.655817,229.828649,-296.082377,10881.027347
3726.656132,-229.828649,148.041188,10214.842000
3726.656446,0.000000,1110.308913,10140.821405
3726.656761,229.828649,1628.453072,9696.697840
3726.657075,459.657299,1332.370696,9178.553681
3726.657390,76.609550,1036.288319,9104.533087
3726.657704,536.266849,666.185348,9178.553681
3726.658019,0.000000,-222.061783,9474.636058
3726.658333,306.438199,-666.185348,10658.965565
3726.658648,0.000000,-592.164754,11325.150913
3726.658963,-383.047749,-0.000000,11103.089130
3726.659277,-459.657299,1036.288319,10362.883188
3726.659592,0.000000,1554.432478,9770.718434
3726.659906,306.438199,1332.370696,9326.594869
3726.660221,229.828649,666.185348,8586.388927
3726.660535,842.705048,444.123565,8438.347739
3726.660850,153.219100,-74.020594,9252.574275
3726.661164,76.609550,-888.247130,9844.739029
3726.661479,306.438199,-740.205942,10362.883188
3726.661794,76.609550,-370.102971,10140.821405
3726.662108,-306.438199,444.123565,10066.800811
3726.662423,0.000000,962.267725,9770.718434
3726.662737,0.000000,962.267725,9400.615463
3726.663052,153.219100,740.205942,9178.553681
3726.663366,229.828649,296.082377,8660.409521
3726.663681,-153.219100,-148.041188,9400.615463
3726.663995,536.266849,-444.123565,9622.677246
3726.664310,536.266849,-444.123565,10288.862594
3726.664625,536.266849,-666.185348,10066.800811
3726.664939,459.657299,518.144159,9918.759623
3726.665254,995.924147,1110.308913,10288.862594
3726.665568,1302.362347,1258.350101,9474.636058
3726.665883,1149.143247,1036.288319,8882.471304
3726.666197,842.705048,666.185348,7994.224174
3726.666512,153.219100,-370.102971,8586.388927
3726.666826,383.047749,-1332.370696,9178.553681
3726.667141,383.047749,-1480.411884,9992.780217
3726.667456,459.657299,-1258.350101,10510.924376
3726.667770,0.000000,-518.144159,9548.656652
3726.668085,-459.657299,518.144159,9622.677246
3726.668399,-229.828649,962.267725,9400.615463
3726.668714,-153.219100,888.247130,9104.533087
3726.669028,153.219100,666.185348,8586.388927
3726.669343,0.000000,-0.000000,8438.347739
3726.669657,-459.657299,-296.082377,9030.512492
3726.669972,-766.095498,-1110.308913,10288.862594
3726.670287,-229.828649,-888.247130,10584.944971
3726.670601,-459.657299,-370.102971,10658.965565
3726.670916,-842.705048,518.144159,10362.883188
3726.671230,-536.266849,592.164754,9992.780217
3726.671545,-766.095498,740.205942,9844.739029
3726.671859,0.000000,296.082377,9030.512492
3726.672174,-459.657299,-74.020594,8068.244768
3726.672489,-459.657299,-0.000000,8290.306550
3726.672803,-153.219100,-962.267725,9400.615463
3726.673118,0.000000,-1110.308913,9770.718434
3726.673432,536.266849,-814.226536,10214.842000
3726.673747,0.000000,222.061783,10066.800811
3726.674061,-306.438199,1258.350101,9474.636058
3726.674376,0.000000,1184.329507,9622.677246
3726.674690,0.000000,740.205942,9400.615463
3726.675005,153.219100,-0.000000,9104.533087
3726.675320,-306.438199,-370.102971,8660.409521
3726.675634,-612.876398,-1036.288319,9696.697840
3726.675949,0.000000,-1110.308913,11103.089130
3726.676263,-229.828649,-740.205942,11251.130318
3726.676578,0.000000,148.041188,11325.150913
3726.676892,0.000000,592.164754,10436.903782
3726.677207,306.438199,1480.411884,10140.821405
3726.677521,766.095498,1332.370696,9474.636058
3726.677836,919.314598,962.267725,8586.388927
3726.678151,612.876398,518.144159,8586.388927
3726.678465,153.219100,-370.102971,8216.285956
3726.678780,536.266849,-740.205942,9400.615463
3726.679094,383.047749,-814.226536,10510.924376
3726.679409,383.047749,-666.185348,9770.718434
3726.679723,-229.828649,740.205942,9696.697840
3726.680038,-153.219100,888.247130,9696.697840
3726.680352,153.219100,592.164754,9770.718434
3726.680667,306.438199,444.123565,9400.615463
3726.680982,229.828649,148.041188,8808.450710
3726.681296,0.000000,-148.041188,9178.553681
3726.681611,459.657299,-148.041188,9622.677246
3726.681925,612.876398,-444.123565,10288.862594
3726.682240,1072.533697,-0.000000,10288.862594
3726.682554,842.705048,962.267725,10066.800811
3726.682869,689.485948,1406.391290,9326.594869
3726.683183,1072.533697,1554.432478,9400.615463
3726.683498,1225.752797,962.267725,8882.471304
3726.683813,689.485948,370.102971,8142.265362
3726.684127,536.266849,-148.041188,7920.203579
3726.684442,229.828649,-888.247130,9030.512492
3726.684756,0.000000,-1036.288319,9696.697840
3726.685071,153.219100,-740.205942,10436.903782
3726.685385,0.000000,296.082377,10288.862594
3726.685700,-229.828649,370.102971,9696.697840
3726.686014,153.219100,1258.350101,9474.636058
3726.686329,306.438199,962.267725,9104.533087
3726.686644,0.000000,962.267725,9474.636058
3726.686958,-459.657299,666.185348,9252.574275
3726.687273,-459.657299,370.102971,9622.677246
3726.687587,76.609550,-370.102971,10140.821405
3726.687902,153.219100,-814.226536,11029.068536
3726.688216,-229.828649,-74.020594,10807.006753
3726.688531,-306.438199,888.247130,10288.862594
3726.688846,0.000000,1110.308913,10436.903782
3726.689160,0.000000,1258.350101,9770.718434
3726.689475,0.000000,740.205942,8808.450710
3726.689789,-536.266849,518.144159,8734.430116
3726.690104,-1149.143247,-518.144159,8512.368333
3726.690418,-536.266849,-1258.350101,9622.677246
3726.690733,-306.438199,-1628.453072,10362.883188
3726.691047,-536.266849,-1184.329507,10881.027347
3726.691362,-383.047749,-370.102971,10214.842000
3726.691677,-612.876398,148.041188,10140.821405
3726.691991,306.438199,1036.288319,9696.697840
3726.692306,919.314598,740.205942,9178.553681
3726.692620,766.095498,962.267725,8438.347739
3726.692935,459.657299,518.144159,7772.162391
3726.693249,612.876398,-370.102971,8438.347739
3726.693564,612.876398,-962.267725,9178.553681
3726.693878,842.705048,-1036.288319,10510.924376
3726.694193,153.219100,-592.164754,10658.965565
3726.694508,-306.438199,-0.000000,9770.718434
3726.694822,459.657299,592.164754,9918.759623
3726.695137,459.657299,370.102971,9548.656652
3726.695451,536.266849,370.102971,8438.347739
3726.695766,229.828649,-148.041188,8142.265362
3726.696080,306.438199,-370.102971,8734.430116
3726.696395,383.047749,-1554.432478,9474.636058
3726.696709,612.876398,-888.247130,9474.636058
3726.697024,536.266849,-222.061783,9918.759623
3726.697339,536.266849,518.144159,9770.718434
3726.697653,536.266849,1332.370696,9770.718434
3726.697968,689.485948,1184.329507,9622.677246
3726.698282,842.705048,1110.308913,9326.594869
3726.698597,536.266849,518.144159,8586.388927
3726.698911,-153.219100,-0.000000,8808.450710
3726.699226,0.000000,-518.144159,9474.636058
3726.699540,153.219100,-1036.288319,10362.883188
3726.699855,-306.438199,-1036.288319,10881.027347
3726.700170,-459.657299,-0.000000,10436.903782
3726.700484,-689.485948,444.123565,10288.862594
3726.700799,0.000000,666.185348,10214.842000
3726.701113,536.266849,1036.288319,9474.636058
3726.701428,229.828649,592.164754,9030.512492
3726.701742,0.000000,-0.000000,8660.409521
3726.702057,-229.828649,-0.000000,9104.533087
3726.702372,383.047749,-222.061783,9548.656652
3726.702686,383.047749,-518.144159,10214.842000
3726.703001,306.438199,296.082377,10214.842000
3726.703315,0.000000,518.144159,9918.759623
3726.703630,0.000000,1036.288319,9548.656652
3726.703944,76.609550,1184.329507,9844.739029
3726.704259,-229.828649,370.102971,9326.594869
3726.704573,-383.047749,-0.000000,8512.368333
3726.704888,-842.705048,-148.041188,9400.615463
3726.705203,-612.876398,-888.247130,10214.842000
3726.705517,-229.828649,-962.267725,10140.821405
3726.705832,-383.047749,-1332.370696,10955.047942
3726.706146,-689.485948,444.123565,10288.862594
3726.706461,-459.657299,1480.411884,10066.800811
3726.706775,76.609550,1702.473667,9474.636058
3726.707090,536.266849,1258.350101,9474.636058
3726.707404,689.485948,888.247130,8586.388927
3726.707719,76.609550,444.123565,8364.327145
3726.708034,306.438199,-0.000000,9104.533087
3726.708348,306.438199,-148.041188,9918.759623
3726.708663,459.657299,-444.123565,10732.986159
3726.708977,0.000000,-0.000000,10214.842000
3726.709292,-306.438199,740.205942,9918.759623
3726.709606,0.000000,1258.350101,10214.842000
3726.709921,153.219100,962.267725,9770.718434
3726.710235,459.657299,666.185348,9252.574275
3726.710550,229.828649,222.061783,8512.368333
3726.710865,612.876398,-370.102971,8586.388927
3726.711179,229.828649,-740.205942,9400.615463
3726.711494,383.047749,-740.205942,10584.944971
3726.711808,229.828649,-222.061783,10362.883188
3726.712123,0.000000,444.123565,10214.842000
3726.712437,919.314598,740.205942,10066.800811
3726.712752,612.876398,814.226536,9474.636058
3726.713066,766.095498,592.164754,9104.533087
3726.713381,612.876398,148.041188,8660.409521
3726.713696,306.438199,-148.041188,8216.285956
3726.714010,842.705048,-962.267725,8956.491898
3726.714325,1149.143247,-518.144159,9474.636058
3726.714639,1149.143247,-444.123565,9992.780217
3726.714954,306.438199,-0.000000,9770.718434
3726.715268,-153.219100,888.247130,9400.615463
3726.715583,0.000000,1184.329507,10214.842000
3726.715898,229.828649,666.185348,9696.697840
3726.716212,76.609550,222.061783,8956.491898
3726.716527,-229.828649,-222.061783,8512.368333
3726.716841,-306.438199,-962.267725,9326.594869
3726.717156,229.828649,-888.247130,10140.821405
3726.717470,0.000000,-518.144159,10807.006753
3726.717785,-383.047749,-0.000000,10288.862594
3726.718099,-383.047749,888.247130,10214.842000
3726.718414,153.219100,1184.329507,9696.697840
3726.718729,612.876398,962.267725,9770.718434
3726.719043,306.438199,962.267725,9474.636058
3726.719358,153.219100,370.102971,8586.388927
3726.719672,-229.828649,-0.000000,8660.409521
3726.719987,306.438199,-666.185348,9474.636058
3726.720301,612.876398,-962.267725,10436.903782
3726.720616,229.828649,-592.164754,10658.965565
3726.720930,-459.657299,148.041188,9992.780217
3726.721245,-383.047749,888.247130,9770.718434
3726.721560,76.609550,1036.288319,9622.677246
3726.721874,0.000000,814.226536,9474.636058
3726.722189,0.000000,444.123565,8660.409521
3726.722503,0.000000,-0.000000,8438.347739
3726.722818,0.000000,-518.144159,9696.697840
3726.723132,459.657299,-1110.308913,10732.986159
3726.723447,-306.438199,-740.205942,11399.171507
3726.723761,-536.266849,-0.000000,11103.089130
3726.724076,-383.047749,814.226536,9918.759623
3726.724391,0.000000,962.267725,9770.718434
3726.724705,306.438199,592.164754,9548.656652
3726.725020,383.047749,296.082377,8586.388927
3726.725334,229.828649,-0.000000,8068.244768
3726.725649,153.219100,-592.164754,8438.347739
3726.725963,689.485948,-666.185348,9252.574275
3726.726278,689.485948,-962.267725,9992.780217
3726.726592,536.266849,-592.164754,10066.800811
3726.726907,0.000000,222.061783,9696.697840
3726.727222,0.000000,666.185348,9548.656652
3726.727536,306.438199,444.123565,9474.636058
3726.727851,842.705048,592.164754,9474.636058
3726.728165,0.000000,296.082377,8586.388927
3726.728480,0.000000,-74.020594,8660.409521
3726.728794,383.047749,-518.144159,9622.677246
3726.729109,459.657299,-592.164754,10362.883188
3726.729424,1225.752797,-370.102971,10362.883188
3726.729738,76.609550,592.164754,10510.924376
3726.730053,0.000000,1332.370696,10214.842000
3726.730367,459.657299,1036.288319,9474.636058
3726.730682,766.095498,666.185348,9252.574275
3726.730996,306.438199,148.041188,8438.347739
3726.731311,0.000000,-0.000000,8142.265362
3726.731625,0.000000,-666.185348,8956.491898
3726.731940,76.609550,-1110.308913,9992.780217
3726.732255,306.438199,-888.247130,10584.944971
3726.732569,0.000000,-74.020594,10288.862594
3726.732884,-383.047749,370.102971,9844.739029
3726.733198,0.000000,1036.288319,9918.759623
3726.733513,0.000000,1184.329507,9622.677246
3726.733827,76.609550,444.123565,9104.533087
3726.734142,0.000000,-148.041188,9030.512492
3726.734456,0.000000,-518.144159,9252.574275
3726.734771,0.000000,-888.247130,9770.718434
3726.735086,76.609550,-740.205942,10807.006753
3726.735400,0.000000,-296.082377,10732.986159
3726.735715,-536.266849,666.185348,10436.903782
3726.736029,0.000000,1258.350101,9844.739029
3726.736344,383.047749,1184.329507,9474.636058
3726.736658,459.657299,592.164754,8734.430116
3726.736973,0.000000,-0.000000,8142.265362
3726.737287,0.000000,-666.185348,9178.553681
3726.737602,0.000000,-814.226536,9474.636058
3726.737917,0.000000,-1036.288319,10214.842000
3726.738231,-153.219100,-666.185348,10436.903782
3726.738546,0.000000,222.061783,10066.800811
3726.738860,0.000000,592.164754,9844.739029
3726.739175,153.219100,1184.329507,9474.636058
3726.739489,459.657299,1184.329507,8808.450710
3726.739804,383.047749,888.247130,8512.368333
3726.740118,306.438199,370.102971,8512.368333
3726.740433,0.000000,-370.102971,9474.636058
3726.740748,459.657299,-666.185348,10066.800811
3726.741062,229.828649,-518.144159,10436.903782
3726.741377,0.000000,222.061783,10362.883188
3726.741691,229.828649,962.267725,9992.780217
3726.742006,0.000000,740.205942,10140.821405
3726.742320,612.876398,592.164754,9548.656652
3726.742635,306.438199,-0.000000,8660.409521
3726.742949,229.828649,-0.000000,7920.203579
3726.743264,0.000000,-296.082377,8142.265362
3726.743579,0.000000,-740.205942,8586.388927
3726.743893,229.828649,-1036.288319,9844.739029
3726.744208,0.000000,-740.205942,10288.862594
3726.744522,-229.828649,-0.000000,9992.780217
3726.744837,0.000000,1110.308913,10140.821405
3726.745151,383.047749,1110.308913,9918.759623
3726.745466,536.266849,814.226536,9104.533087
3726.745781,0.000000,370.102971,8586.388927
3726.746095,-306.438199,-222.061783,8734.430116
3726.746410,76.609550,-814.226536,9622.677246
3726.746724,153.219100,-740.205942,10584.944971
3726.747039,306.438199,-592.164754,10732.986159
3726.747353,76.609550,444.123565,9918.759623
3726.747668,-153.219100,962.267725,9696.697840
3726.747982,0.000000,1184.329507,9992.780217
3726.748297,306.438199,518.144159,9474.636058
3726.748612,459.657299,370.102971,8956.491898
3726.748926,0.000000,-0.000000,8142.265362
3726.749241,306.438199,-370.102971,9400.615463
3726.749555,306.438199,-518.144159,10214.842000
3726.749870,306.438199,-592.164754,10658.965565
3726.750184,0.000000,-0.000000,10140.821405
3726.750499,-229.828649,740.205942,10066.800811
3726.750813,306.438199,1332.370696,10214.842000
3726.751128,766.095498,1258.350101,9992.780217
3726.751443,306.438199,814.226536,9252.574275
3726.751757,229.828649,592.164754,8586.388927
3726.752072,229.828649,-0.000000,9030.512492
3726.752386,383.047749,-148.041188,9918.759623
3726.752701,76.609550,-518.144159,10881.027347
3726.753015,689.485948,148.041188,11029.068536
3726.753330,536.266849,740.205942,9844.739029
3726.753644,0.000000,1406.391290,9696.697840
3726.753959,459.657299,1554.432478,9844.739029
3726.754274,306.438199,1036.288319,9400.615463
3726.754588,0.000000,222.061783,8586.388927
3726.754903,0.000000,-222.061783,8586.388927
3726.755217,-229.828649,-740.205942,9326.594869
3726.755532,153.219100,-740.205942,10066.800811
3726.755846,-153.219100,-518.144159,10732.986159
3726.756161,-536.266849,-74.020594,9844.739029
3726.756475,-459.657299,740.205942,9696.697840
3726.756790,76.609550,1110.308913,9474.636058
3726.757105,306.438199,888.247130,9326.594869
3726.757419,306.438199,296.082377,8956.491898
3726.757734,229.828649,-0.000000,8364.327145
3726.758048,0.000000,-148.041188,8956.491898
3726.758363,306.438199,-888.247130,9400.615463
3726.758677,229.828649,-1184.329507,10436.903782
3726.758992,153.219100,-740.205942,9918.759623
3726.759307,-612.876398,-0.000000,9992.780217
3726.759621,-306.438199,740.205942,9844.739029
3726.759936,0.000000,666.185348,9622.677246
3726.760250,459.657299,666.185348,9178.553681
3726.760565,76.609550,-148.041188,8512.368333
3726.760879,-459.657299,-444.123565,8216.285956
3726.761194,-229.828649,-1332.370696,9252.574275
3726.761508,0.000000,-888.247130,9770.718434
3726.761823,0.000000,-666.185348,10214.842000
3726.762138,-229.828649,222.061783,9622.677246
3726.762452,0.000000,888.247130,9474.636058
3726.762767,229.828649,888.247130,9474.636058
3726.763081,229.828649,740.205942,9474.636058
3726.763396,153.219100,-0.000000,8956.491898
3726.763710,-383.047749,-0.000000,8660.409521
3726.764025,-229.828649,-592.164754,9696.697840
3726.764339,0.000000,-592.164754,10584.944971
3726.764654,76.609550,-444.123565,10955.047942
3726.764969,-689.485948,-0.000000,10510.924376
3726.765283,-612.876398,592.164754,10140.821405
3726.765598,0.000000,1036.288319,9548.656652
3726.765912,229.828649,962.267725,9178.553681
3726.766227,459.657299,666.185348,8512.368333
3726.766541,536.266849,-0.000000,8808.450710
3726.766856,0.000000,-370.102971,8882.471304
3726.767170,383.047749,-444.123565,9474.636058
3726.767485,612.876398,-814.226536,10807.006753
3726.767800,383.047749,-370.102971,10436.903782
3726.768114,76.609550,592.164754,9992.780217
3726.768429,229.828649,888.247130,9918.759623
3726.768743,612.876398,962.267725,9548.656652
3726.769058,536.266849,444.123565,9474.636058
3726.769372,0.000000,740.205942,8364.327145
3726.769687,0.000000,-222.061783,9104.533087
3726.770002,76.609550,-888.247130,9844.739029
3726.770316,766.095498,-888.247130,10510.924376
3726.770631,612.876398,-444.123565,10658.965565
3726.770945,459.657299,-0.000000,10807.006753
3726.771260,0.000000,962.267725,9918.759623
3726.771574,766.095498,1628.453072,9548.656652
3726.771889,919.314598,1258.350101,9326.594869
3726.772203,766.095498,1036.288319,8290.306550
3726.772518,153.219100,222.061783,8290.306550
3726.772833,229.828649,-296.082377,8808.450710
3726.773147,306.438199,-814.226536,9844.739029
3726.773462,0.000000,-518.144159,10584.944971
3726.773776,-383.047749,-296.082377,10362.883188
3726.774091,-689.485948,222.061783,10214.842000
3726.774405,-153.219100,814.226536,10140.821405
3726.774720,0.000000,592.164754,9622.677246
3726.775035,306.438199,962.267725,9178.553681
3726.775349,0.000000,444.123565,8438.347739
3726.775664,-306.438199,222.061783,8660.409521
3726.775978,0.000000,-222.061783,9474.636058
3726.776293,383.047749,-370.102971,10066.800811
3726.776607,153.219100,-296.082377,10140.821405
3726.776922,153.219100,814.226536,9992.780217
3726.777236,0.000000,1110.308913,10066.800811
3726.777551,0.000000,962.267725,9474.636058
3726.777866,76.609550,740.205942,9030.512492
3726.778180,76.609550,222.061783,8734.430116
3726.778495,-459.657299,-0.000000,8364.327145
3726.778809,-306.438199,-444.123565,9474.636058
3726.779124,-306.438199,-888.247130,10436.903782
3726.779438,-306.438199,-666.185348,10288.862594
3726.779753,0.000000,-148.041188,10214.842000
3726.780067,-689.485948,888.247130,9918.759623
3726.780382,-383.047749,962.267725,9622.677246
3726.780697,383.047749,888.247130,9326.594869
3726.781011,459.657299,592.164754,8734.430116
3726.781326,842.705048,592.164754,8216.285956
3726.781640,153.219100,-74.020594,9178.553681
3726.781955,612.876398,-518.144159,9622.677246
3726.782269,536.266849,-888.247130,10288.862594
3726.782584,459.657299,-370.102971,10288.862594
3726.782899,0.000000,518.144159,10066.800811
3726.783213,383.047749,814.226536,9918.759623
3726.783528,536.266849,962.267725,9622.677246
3726.783842,689.485948,370.102971,9030.512492
3726.784157,306.438199,296.082377,8512.368333
3726.784471,153.219100,-222.061783,9104.533087
3726.784786,153.219100,-962.267725,10140.821405
3726.785100,459.657299,-666.185348,10732.986159
3726.785415,689.485948,-222.061783,10362.883188
3726.785730,383.047749,518.144159,10066.800811
3726.786044,0.000000,740.205942,10066.800811
3726.786359,459.657299,962.267725,9770.718434
3726.786673,306.438199,740.205942,9548.656652
3726.786988,306.438199,370.102971,8956.491898
3726.787302,0.000000,-0.000000,8512.368333
3726.787617,383.047749,-370.102971,9326.594869
3726.787932,229.828649,-888.247130,10584.944971
3726.788246,153.219100,-1258.350101,11177.109724
3726.788561,0.000000,-740.205942,10510.924376
3726.788875,-229.828649,148.041188,9918.759623
3726.789190,536.266849,962.267725,9770.718434
3726.789504,612.876398,962.267725,9770.718434
3726.789819,766.095498,740.205942,8364.327145
3726.790133,766.095498,370.102971,7550.100608
3726.790448,76.609550,-222.061783,8364.327145
3726.790763,612.876398,-888.247130,9474.636058
3726.791077,229.828649,-888.247130,10362.883188
3726.791392,-306.438199,-592.164754,10140.821405
3726.791706,-536.266849,-0.000000,9918.759623
3726.792021,-689.485948,296.082377,9918.759623
3726.792335,0.000000,518.144159,9918.759623
3726.792650,0.000000,518.144159,10066.800811
3726.792964,-383.047749,518.144159,8438.347739
3726.793279,-612.876398,-148.041188,8438.347739
3726.793594,0.000000,-222.061783,9030.512492
3726.793908,76.609550,-814.226536,10510.924376
3726.794223,76.609550,-370.102971,10584.944971
3726.794537,-306.438199,-0.000000,9622.677246
3726.794852,-689.485948,444.123565,9918.759623
3726.795166,-766.095498,1184.329507,9696.697840
3726.795481,0.000000,962.267725,9178.553681
3726.795796,-612.876398,592.164754,8438.347739
3726.796110,-306.438199,-0.000000,7994.224174
3726.796425,-229.828649,-518.144159,8734.430116
3726.796739,0.000000,-814.226536,9696.697840
3726.797054,0.000000,-1110.308913,10807.006753
3726.797368,0.000000,-0.000000,10510.924376
3726.797683,-536.266849,740.205942,9696.697840
3726.797997,0.000000,1258.350101,9474.636058
3726.798312,306.438199,1406.391290,9326.594869
3726.798627,766.095498,962.267725,9030.512492
3726.798941,229.828649,-0.000000,8512.368333
3726.799256,229.828649,-0.000000,8956.491898
3726.799570,612.876398,-444.123565,9770.718434
3726.799885,919.314598,-370.102971,10584.944971
3726.800199,842.705048,-222.061783,10881.027347
3726.800514,459.657299,-0.000000,10288.862594
3726.800829,306.438199,814.226536,9992.780217
3726.801143,919.314598,1480.411884,9844.739029
3726.801458,766.095498,1406.391290,9030.512492
3726.801772,612.876398,444.123565,8660.409521
3726.802087,612.876398,-74.020594,8290.306550
3726.802401,383.047749,-666.185348,9474.636058
3726.802716,612.876398,-740.205942,10732.986159
3726.803030,689.485948,-370.102971,11399.171507
3726.803345,0.000000,592.164754,10584.944971
3726.803660,229.828649,1184.329507,10288.862594
3726.803974,766.095498,1628.453072,9844.739029
3726.804289,842.705048,1406.391290,9696.697840
3726.804603,612.876398,962.267725,9326.594869
3726.804918,0.000000,444.123565,8660.409521
3726.805232,0.000000,-148.041188,9104.533087
3726.805547,459.657299,-592.164754,10214.842000
3726.805862,76.609550,-666.185348,11103.089130
3726.806176,-229.828649,-296.082377,10584.944971
3726.806491,-383.047749,-0.000000,9918.759623
3726.806805,-153.219100,888.247130,10066.800811
3726.807120,153.219100,814.226536,9400.615463
3726.807434,536.266849,814.226536,8734.430116
3726.807749,0.000000,222.061783,8438.347739
3726.808063,536.266849,-0.000000,8290.306550
3726.808378,306.438199,-444.123565,8734.430116
3726.808693,995.924147,-888.247130,9918.759623
3726.809007,306.438199,-370.102971,10140.821405
3726.809322,-229.828649,-0.000000,9474.636058
3726.809636,-536.266849,592.164754,9548.656652
3726.809951,-306.438199,814.226536,9474.636058
3726.810265,0.000000,370.102971,9326.594869
3726.810580,-229.828649,-74.020594,9030.512492
3726.810894,-689.485948,-518.144159,8586.388927
3726.811209,-76.609550,-1110.308913,9548.656652
3726.811524,76.609550,-888.247130,10214.842000
3726.811838,76.609550,-962.267725,10214.842000
3726.812153,-306.438199,-370.102971,9992.780217
3726.812467,0.000000,444.123565,9622.677246
3726.812782,229.828649,814.226536,9474.636058
3726.813096,919.314598,962.267725,8734.430116
3726.813411,306.438199,740.205942,8734.430116
3726.813726,0.000000,296.082377,8068.244768
3726.814040,0.000000,-444.123565,8364.327145
3726.814355,766.095498,-888.247130,9474.636058
3726.814669,459.657299,-1184.329507,10288.862594
3726.814984,0.000000,-962.267725,10362.883188
3726.815298,-459.657299,370.102971,10584.944971
3726.815613,-612.876398,888.247130,10140.821405
3726.815927,0.000000,814.226536,9992.780217
3726.816242,0.000000,962.267725,9252.574275
3726.816557,0.000000,444.123565,8956.491898
3726.816871,0.000000,-74.020594,8734.430116
3726.817186,229.828649,-222.061783,9770.718434
3726.817500,306.438199,-370.102971,11103.089130
3726.817815,383.047749,-0.000000,10807.006753
3726.818129,-229.828649,592.164754,10510.924376
3726.818444,0.000000,1036.288319,10362.883188
3726.818759,459.657299,1184.329507,9992.780217
3726.819073,612.876398,518.144159,9400.615463
3726.819388,842.705048,370.102971,8586.388927
3726.819702,306.438199,-0.000000,8512.368333
3726.820017,459.657299,-592.164754,9104.533087
3726.820331,536.266849,-666.185348,9844.739029
3726.820646,995.924147,-518.144159,10288.862594
3726.820960,76.609550,-74.020594,10214.842000
3726.821275,0.000000,666.185348,9696.697840
3726.821590,229.828649,888.247130,9622.677246
3726.821904,842.705048,1036.288319,9400.615463
3726.822219,306.438199,592.164754,9252.574275
3726.822533,0.000000,444.123565,8734.430116
3726.822848,0.000000,-74.020594,9474.636058
3726.823162,0.000000,-888.247130,10214.842000
3726.823477,229.828649,-1258.350101,11103.089130
3726.823792,0.000000,-222.061783,10658.965565
3726.824106,0.000000,518.144159,9770.718434
3726.824421,0.000000,1184.329507,10214.842000
3726.824735,383.047749,1184.329507,9844.739029
3726.825050,766.095498,740.205942,8882.471304
3726.825364,229.828649,444.123565,7920.203579
3726.825679,153.219100,-74.020594,7920.203579
3726.825993,229.828649,-814.226536,9178.553681
3726.826308,383.047749,-962.267725,9770.718434
3726.826623,76.609550,-1110.308913,9918.759623
3726.826937,-459.657299,-0.000000,9770.718434
3726.827252,-612.876398,740.205942,9844.739029
3726.827566,-306.438199,962.267725,9400.615463
3726.827881,0.000000,1258.350101,9326.594869
3726.828195,-306.438199,444.123565,9252.574275
3726.828510,-612.876398,-74.020594,8290.306550
3726.828824,-306.438199,-74.020594,9474.636058
3726.829139,-229.828649,-740.205942,10140.821405
3726.829454,0.000000,-814.226536,10732.986159
3726.829768,-306.438199,296.082377,9992.780217
3726.830083,-459.657299,1036.288319,9918.759623
3726.830397,0.000000,1332.370696,9548.656652
3726.830712,306.438199,1036.288319,9326.594869
3726.831026,229.828649,666.185348,8808.450710
3726.831341,153.219100,222.061783,7994.224174
3726.831656,0.000000,-370.102971,8586.388927
3726.831970,0.000000,-1110.308913,9548.656652
3726.832285,153.219100,-1554.432478,10140.821405
3726.832599,153.219100,-962.267725,10584.944971
3726.832914,-383.047749,222.061783,10066.800811
3726.833228,-536.266849,814.226536,9992.780217
3726.833543,0.000000,1184.329507,9992.780217
3726.833857,0.000000,814.226536,9770.718434
3726.834172,76.609550,740.205942,8734.430116
3726.834487,0.000000,666.185348,8660.409521
3726.834801,536.266849,-148.041188,9770.718434
3726.835116,766.095498,-444.123565,11251.130318
3726.835430,842.705048,-148.041188,11843.295072
3726.835745,383.047749,222.061783,10584.944971
3726.836059,0.000000,814.226536,10140.821405
3726.836374,536.266849,1480.411884,9548.656652
3726.836689,766.095498,1258.350101,9770.718434
3726.837003,536.266849,740.205942,9104.533087
3726.837318,0.000000,-222.061783,8882.471304
3726.837632,0.000000,-962.267725,9252.574275
3726.837947,76.609550,-1406.391290,10140.821405
3726.838261,536.266849,-1184.329507,10807.006753
3726.838576,229.828649,-518.144159,10362.883188
3726.838890,306.438199,444.123565,10436.903782
3726.839205,536.266849,1036.288319,10066.800811
3726.839520,995.924147,1332.370696,9474.636058
3726.839834,612.876398,1110.308913,8882.471304
3726.840149,766.095498,518.144159,8142.265362
3726.840463,383.047749,-0.000000,8290.306550
3726.840778,383.047749,-814.226536,9474.636058
3726.841092,306.438199,-1036.288319,10362.883188
3726.841407,76.609550,-962.267725,10436.903782
3726.841722,-536.266849,-296.082377,9992.780217
3726.842036,-459.657299,740.205942,9992.780217
3726.842351,0.000000,1036.288319,9474.636058
3726.842665,459.657299,518.144159,8660.409521
3726.842980,153.219100,148.041188,7994.224174
3726.843294,76.609550,-296.082377,7772.162391
3726.843609,0.000000,-666.185348,8290.306550
3726.843923,153.219100,-814.226536,9918.759623
3726.844238,153.219100,-814.226536,10955.047942
3726.844553,-153.219100,-444.123565,9844.739029
3726.844867,-229.828649,740.205942,9622.677246
3726.845182,0.000000,1184.329507,9622.677246
3726.845496,229.828649,1110.308913,9474.636058
3726.845811,0.000000,888.247130,9104.533087
3726.846125,-383.047749,370.102971,9030.512492
3726.846440,-229.828649,-296.082377,9178.553681
3726.846754,0.000000,-888.247130,9474.636058
3726.847069,153.219100,-666.185348,10066.800811
3726.847384,0.000000,-0.000000,10436.903782
3726.847698,-536.266849,370.102971,10881.027347
3726.848013,-766.095498,666.185348,10140.821405
3726.848327,-383.047749,962.267725,9844.739029
3726.848642,0.000000,518.144159,9400.615463
3726.848956,76.609550,222.061783,8956.491898
3726.849271,-689.485948,-222.061783,9104.533087
3726.849586,-459.657299,-740.205942,9844.739029
3726.849900,0.000000,-666.185348,10362.883188
3726.850215,229.828649,-222.061783,10510.924376
3726.850529,-229.828649,592.164754,10140.821405
3726.850844,-383.047749,962.267725,10140.821405
3726.851158,153.219100,1406.391290,9252.574275
3726.851473,306.438199,1258.350101,9474.636058
3726.851787,76.609550,518.144159,9178.553681
3726.852102,-383.047749,222.061783,9104.533087
3726.852417,-306.438199,-518.144159,9400.615463
3726.852731,-383.047749,-1036.288319,10584.944971
3726.853046,153.219100,-592.164754,11103.089130
3726.853360,-229.828649,-148.041188,10658.965565
3726.853675,-612.876398,370.102971,10288.862594
3726.853989,153.219100,888.247130,10362.883188
3726.854304,536.266849,1258.350101,8882.471304
3726.854619,919.314598,888.247130,7994.224174
3726.854933,612.876398,296.082377,8364.327145
3726.855248,766.095498,-74.020594,8882.471304
3726.855562,1149.143247,-814.226536,9400.615463
3726.855877,995.924147,-814.226536,10362.883188
3726.856191,766.095498,-296.082377,10214.842000
3726.856506,612.876398,592.164754,9992.780217
3726.856820,459.657299,962.267725,9474.636058
3726.857135,689.485948,592.164754,9548.656652
3726.857450,919.314598,666.185348,9104.533087
3726.857764,383.047749,444.123565,8364.327145
3726.858079,76.609550,-74.020594,8586.388927
3726.858393,153.219100,-666.185348,9474.636058
3726.858708,0.000000,-1110.308913,10658.965565
3726.859022,229.828649,-592.164754,10362.883188
3726.859337,0.000000,-148.041188,10510.924376
3726.859652,76.609550,1110.308913,10288.862594
3726.859966,0.000000,1258.350101,9918.759623
3726.860281,995.924147,1702.473667,8956.491898
3726.860595,995.924147,1184.329507,8290.306550
3726.860910,459.657299,814.226536,7846.182985
3726.861224,306.438199,-0.000000,8586.388927
3726.861539,306.438199,-740.205942,9474.636058
3726.861854,-383.047749,-1036.288319,10436.903782
3726.862168,-689.485948,-444.123565,10066.800811
3726.862483,-1149.143247,-0.000000,10214.842000
3726.862797,-1149.143247,444.123565,10436.903782
3726.863112,-612.876398,222.061783,9844.739029
3726.863427,-383.047749,148.041188,9326.594869
3726.863741,-229.828649,666.185348,8882.471304
3726.864056,0.000000,518.144159,8512.368333
3726.864370,459.657299,-0.000000,9474.636058
3726.864685,842.705048,-74.020594,10362.883188
3726.864999,612.876398,222.061783,9992.780217
3726.865314,229.828649,814.226536,9844.739029
3726.865629,229.828649,1184.329507,9918.759623
3726.865943,306.438199,1110.308913,9918.759623
3726.866258,229.828649,518.144159,9548.656652
3726.866572,76.609550,-0.000000,8512.368333
3726.866887,0.000000,-444.123565,9030.512492
3726.867202,0.000000,-814.226536,9622.677246
3726.867516,459.657299,-962.267725,10288.862594
3726.867831,383.047749,-1332.370696,10510.924376
3726.868145,-306.438199,-0.000000,10140.821405
3726.868460,0.000000,814.226536,10066.800811
3726.868774,459.657299,1036.288319,9474.636058
3726.869089,766.095498,1184.329507,9622.677246
3726.869404,383.047749,962.267725,8734.430116
3726.869718,306.438199,592.164754,8364.327145
3726.870033,0.000000,370.102971,9474.636058
3726.870347,153.219100,-444.123565,10436.903782
3726.870662,383.047749,-666.185348,11251.130318
3726.870977,229.828649,-444.123565,11029.068536
3726.871291,-383.047749,148.041188,10362.883188
3726.871606,-383.047749,666.185348,10214.842000
3726.871920,-229.828649,592.164754,9696.697840
3726.872235,0.000000,222.061783,9178.553681
3726.872549,306.438199,-0.000000,8364.327145
3726.872864,0.000000,-370.102971,7994.224174
3726.873179,383.047749,-1036.288319,9030.512492
3726.873493,689.485948,-814.226536,10140.821405
3726.873808,229.828649,-222.061783,9918.759623
3726.874122,76.609550,-0.000000,9770.718434
3726.874437,0.000000,814.226536,9696.697840
3726.874752,766.095498,962.267725,9326.594869
3726.875066,766.095498,740.205942,8808.450710
3726.875381,306.438199,148.041188,8586.388927
3726.875695,-383.047749,-74.020594,8142.265362
3726.876010,-229.828649,-74.020594,9178.553681
3726.876324,76.609550,-1036.288319,9770.718434
3726.876639,76.609550,-1628.453072,10732.986159
3726.876954,-383.047749,-1258.350101,10436.903782
3726.877268,-766.095498,-74.020594,10140.821405
3726.877583,-306.438199,518.144159,9918.759623
3726.877897,76.609550,666.185348,9770.718434
3726.878212,612.876398,888.247130,9030.512492
3726.878527,0.000000,148.041188,8586.388927
3726.878841,229.828649,-148.041188,8142.265362
3726.879156,306.438199,-518.144159,9474.636058
3726.879470,536.266849,-888.247130,10510.924376
3726.879785,-383.047749,-518.144159,10584.944971
3726.880099,-612.876398,222.061783,10214.842000
3726.880414,-766.095498,888.247130,10362.883188
3726.880729,-229.828649,814.226536,10214.842000
3726.881043,76.609550,444.123565,9474.636058
3726.881358,-229.828649,-0.000000,8882.471304
3726.881672,-919.314598,-296.082377,9104.533087
3726.881987,-229.828649,-518.144159,9844.739029
3726.882302,229.828649,-740.205942,10362.883188
3726.882616,229.828649,-296.082377,10362.883188
3726.882931,-459.657299,-0.000000,10066.800811
3726.883245,153.219100,444.123565,9400.615463
3726.883560,-306.438199,814.226536,8734.430116
3726.883874,306.438199,962.267725,8882.471304
3726.884189,229.828649,370.102971,8882.471304
3726.884504,306.438199,-0.000000,8512.368333
3726.884818,76.609550,-74.020594,8956.491898
3726.885133,306.438199,-1184.329507,10066.800811
3726.885447,153.219100,-962.267725,10955.047942
3726.885762,76.609550,-222.061783,10362.883188
3726.886077,-229.828649,444.123565,9918.759623
3726.886391,153.219100,888.247130,9474.636058
3726.886706,995.924147,1184.329507,9622.677246
3726.887020,1302.362347,1258.350101,8216.285956
3726.887335,306.438199,592.164754,8142.265362
3726.887649,0.000000,222.061783,9178.553681
3726.887964,153.219100,-370.102971,9770.718434
3726.888279,689.485948,-814.226536,10955.047942
3726.888593,459.657299,-370.102971,10955.047942
3726.888908,76.609550,592.164754,10066.800811
3726.889222,229.828649,1184.329507,9844.739029
3726.889537,459.657299,1628.453072,9400.615463
3726.889852,383.047749,1184.329507,9474.636058
3726.890166,229.828649,1036.288319,8660.409521
3726.890481,0.000000,444.123565,8660.409521
3726.890795,76.609550,-370.102971,9474.636058
3726.891110,383.047749,-962.267725,10881.027347
3726.891424,383.047749,-592.164754,11251.130318
3726.891739,0.000000,370.102971,10807.006753
3726.892054,-383.047749,1036.288319,10658.965565
3726.892368,383.047749,1554.432478,10066.800811
3726.892683,1149.143247,1480.411884,9696.697840
3726.892997,689.485948,1184.329507,8882.471304
3726.893312,153.219100,740.205942,8364.327145
3726.893627,229.828649,148.041188,8660.409521
3726.893941,459.657299,-444.123565,9844.739029
3726.894256,459.657299,-296.082377,10658.965565
3726.894570,0.000000,-222.061783,9474.636058
3726.894885,-383.047749,444.123565,9770.718434
3726.895199,-459.657299,740.205942,10140.821405
3726.895514,-306.438199,666.185348,9326.594869
3726.895829,229.828649,518.144159,8586.388927
3726.896143,-536.266849,-148.041188,8290.306550
3726.896458,-536.266849,-592.164754,8808.450710
3726.896772,-306.438199,-740.205942,9474.636058
3726.897087,0.000000,-888.247130,10658.965565
3726.897402,76.609550,-740.205942,11029.068536
3726.897716,-153.219100,148.041188,9918.759623
3726.898031,-229.828649,740.205942,9622.677246
3726.898345,76.609550,962.267725,9696.697840
3726.898660,689.485948,370.102971,9030.512492
3726.898974,612.876398,814.226536,8142.265362
3726.899289,76.609550,-296.082377,8216.285956
3726.899604,383.047749,-740.205942,9400.615463
3726.899918,459.657299,-1110.308913,9770.718434
3726.900233,0.000000,-1110.308913,10214.842000
3726.900547,0.000000,-444.123565,9918.759623
3726.900862,0.000000,-0.000000,10140.821405
3726.901177,0.000000,518.144159,9844.739029
3726.901491,229.828649,740.205942,9474.636058
3726.901806,229.828649,222.061783,8734.430116
3726.902120,-76.609550,-0.000000,8586.388927
3726.902435,76.609550,-370.102971,9474.636058
3726.902749,0.000000,-962.267725,10362.883188
3726.903064,229.828649,-1110.308913,10732.986159
3726.903379,536.266849,-518.144159,10510.924376
3726.903693,0.000000,370.102971,10510.924376
3726.904008,76.609550,1406.391290,9918.759623
3726.904322,612.876398,1480.411884,9474.636058
3726.904637,383.047749,888.247130,8882.471304
3726.904952,383.047749,444.123565,8290.306550
3726.905266,0.000000,-74.020594,8068.244768
3726.905581,383.047749,-666.185348,9252.574275
3726.905895,0.000000,-1406.391290,10955.047942
3726.906210,-459.657299,-1332.370696,11621.233289
3726.906524,-919.314598,-518.144159,10584.944971
3726.906839,-842.705048,296.082377,10510.924376
3726.907154,-76.609550,592.164754,10214.842000
3726.907468,229.828649,962.267725,9474.636058
3726.907783,536.266849,814.226536,8882.471304
3726.908097,76.609550,370.102971,8660.409521
3726.908412,153.219100,222.061783,8660.409521
3726.908727,536.266849,-518.144159,8882.471304
3726.909041,1149.143247,-1110.308913,10658.965565
3726.909356,153.219100,222.061783,10066.800811
3726.909670,0.000000,962.267725,9696.697840
3726.909985,0.000000,666.185348,9548.656652
3726.910299,229.828649,592.164754,9770.718434
3726.910614,0.000000,296.082377,8882.471304
3726.910929,-306.438199,-148.041188,8438.347739
3726.911243,-306.438199,-444.123565,9400.615463
3726.911558,76.609550,-1036.288319,10066.800811
3726.911872,76.609550,-740.205942,10881.027347
3726.912187,0.000000,-222.061783,10658.965565
3726.912502,-383.047749,888.247130,10140.821405
3726.912816,229.828649,1332.370696,9474.636058
3726.913131,842.705048,1554.432478,9474.636058
3726.913445,1072.533697,1184.329507,9104.533087
3726.913760,842.705048,962.267725,8438.347739
3726.914074,536.266849,962.267725,8142.265362
3726.914389,536.266849,-0.000000,9474.636058
3726.914704,229.828649,-222.061783,10066.800811
3726.915018,229.828649,-592.164754,10955.047942
3726.915333,0.000000,-0.000000,10436.903782
3726.915647,-842.705048,1036.288319,9918.759623
3726.915962,153.219100,1184.329507,9474.636058
3726.916277,0.000000,1258.350101,9474.636058
3726.916591,0.000000,1110.308913,8586.388927
3726.916906,0.000000,-0.000000,8660.409521
3726.917220,76.609550,-296.082377,9326.594869
3726.917535,536.266849,-370.102971,10066.800811
3726.917850,689.485948,-0.000000,10288.862594
3726.918164,689.485948,666.185348,10066.800811
3726.918479,229.828649,962.267725,9474.636058
3726.918793,612.876398,1554.432478,9400.615463
3726.919108,689.485948,1776.494261,9104.533087
3726.919422,306.438199,1480.411884,8808.450710
3726.919737,-229.828649,518.144159,8290.306550
3726.920052,-229.828649,-74.020594,8808.450710
3726.920366,0.000000,-592.164754,9844.739029
3726.920681,0.000000,-1036.288319,11029.068536
3726.920995,-306.438199,-814.226536,11029.068536
3726.921310,-229.828649,-0.000000,10955.047942
3726.921625,0.000000,740.205942,9844.739029
3726.921939,153.219100,1258.350101,9844.739029
3726.922254,612.876398,962.267725,9252.574275
3726.922568,459.657299,888.247130,8956.491898
3726.922883,76.609550,518.144159,9178.553681
3726.923197,229.828649,-444.123565,9400.615463
3726.923512,306.438199,-666.185348,10362.883188
3726.923827,383.047749,-962.267725,10658.965565
3726.924141,-383.047749,-444.123565,10510.924376
3726.924456,-689.485948,222.061783,10955.047942
3726.924770,0.000000,222.061783,10362.883188
3726.925085,0.000000,444.123565,9548.656652
3726.925400,76.609550,592.164754,9030.512492
3726.925714,-229.828649,-0.000000,8808.450710
3726.926029,76.609550,-592.164754,9030.512492
3726.926343,153.219100,-1036.288319,9696.697840
3726.926658,229.828649,-740.205942,10214.842000
3726.926972,383.047749,-148.041188,10510.924376
3726.927287,-229.828649,296.082377,9770.718434
3726.927602,-229.828649,740.205942,9548.656652
3726.927916,306.438199,1184.329507,9696.697840
3726.928231,459.657299,814.226536,9178.553681
3726.928545,306.438199,148.041188,8660.409521
3726.928860,0.000000,-518.144159,8734.430116
3726.929175,383.047749,-1036.288319,9548.656652
3726.929489,536.266849,-1332.370696,10214.842000
3726.929804,229.828649,-1036.288319,10288.862594
3726.930118,0.000000,-444.123565,10362.883188
3726.930433,-153.219100,296.082377,9474.636058
3726.930747,0.000000,888.247130,9622.677246
3726.931062,536.266849,814.226536,8512.368333
3726.931377,459.657299,74.020594,7624.121203
3726.931691,766.095498,-148.041188,7772.162391
3726.932006,536.266849,-518.144159,9030.512492
3726.932320,383.047749,-888.247130,9696.697840
3726.932635,383.047749,-962.267725,10214.842000
3726.932950,0.000000,-296.082377,9918.759623
3726.933264,-229.828649,296.082377,10140.821405
3726.933579,0.000000,1036.288319,9252.574275
3726.933893,0.000000,740.205942,9696.697840
3726.934208,153.219100,518.144159,9104.533087
3726.934522,-842.705048,-222.061783,8808.450710
3726.934837,-383.047749,-444.123565,9474.636058
3726.935152,229.828649,-666.185348,10140.821405
3726.935466,383.047749,-518.144159,10732.986159
3726.935781,153.219100,-370.102971,10436.903782
3726.936095,0.000000,740.205942,9770.718434
3726.936410,0.000000,888.247130,10066.800811
3726.936725,153.219100,1406.391290,9474.636058
3726.937039,612.876398,1480.411884,9104.533087
3726.937354,306.438199,1406.391290,8216.285956
3726.937668,0.000000,370.102971,9030.512492
3726.937983,-153.219100,-518.144159,9622.677246
3726.938297,-459.657299,-1110.308913,10214.842000
3726.938612,-536.266849,-814.226536,11177.109724
3726.938927,-1072.533697,-148.041188,10436.903782
3726.939241,-766.095498,740.205942,10732.986159
3726.939556,-536.266849,1554.432478,10066.800811
3726.939870,76.609550,1332.370696,9770.718434
3726.940185,0.000000,1036.288319,9030.512492
3726.940500,0.000000,444.123565,8586.388927
3726.940814,0.000000,-0.000000,9474.636058
3726.941129,229.828649,-592.164754,10288.862594
3726.941443,612.876398,-0.000000,10881.027347
3726.941758,383.047749,592.164754,10066.800811
3726.942072,76.609550,1110.308913,9696.697840
3726.942387,153.219100,1332.370696,9992.780217
3726.942702,459.657299,1406.391290,9548.656652
3726.943016,1225.752797,666.185348,8660.409521
3726.943331,76.609550,-0.000000,8142.265362
3726.943645,-229.828649,-444.123565,8734.430116
3726.943960,0.000000,-888.247130,10066.800811
3726.944275,76.609550,-666.185348,10658.965565
3726.944589,-536.266849,-814.226536,10362.883188
3726.944904,-536.266849,222.061783,10288.862594
3726.945218,0.000000,1110.308913,9770.718434
3726.945533,229.828649,1406.391290,9400.615463
3726.945847,766.095498,1258.350101,8956.491898
3726.946162,459.657299,888.247130,8586.388927
3726.946477,689.485948,-0.000000,8586.388927
3726.946791,612.876398,-222.061783,9400.615463
3726.947106,689.485948,-814.226536,10658.965565
3726.947420,383.047749,-518.144159,10807.006753
3726.947735,76.609550,-0.000000,10362.883188
3726.948050,153.219100,444.123565,10362.883188
3726.948364,153.219100,814.226536,9992.780217
3726.948679,459.657299,888.247130,9252.574275
3726.948993,383.047749,296.082377,7920.203579
3726.949308,0.000000,-0.000000,8142.265362
3726.949622,153.219100,-814.226536,8808.450710
3726.949937,306.438199,-1258.350101,9844.739029
3726.950252,306.438199,-888.247130,10732.986159
3726.950566,153.219100,-148.041188,9992.780217
3726.950881,-153.219100,592.164754,9770.718434
3726.951195,0.000000,888.247130,10066.800811
3726.951510,306.438199,962.267725,9770.718434
3726.951825,153.219100,518.144159,9030.512492
3726.952139,0.000000,-0.000000,8512.368333
3726.952454,0.000000,-592.164754,9104.533087
3726.952768,0.000000,-888.247130,10066.800811
3726.953083,76.609550,-962.267725,10955.047942
3726.953397,0.000000,-666.185348,10881.027347
3726.953712,-306.438199,-148.041188,10362.883188
3726.954027,-229.828649,592.164754,9844.739029
3726.954341,229.828649,1036.288319,9178.553681
3726.954656,536.266849,740.205942,8956.491898
3726.954970,383.047749,666.185348,8364.327145
3726.955285,0.000000,-0.000000,8142.265362
3726.955600,-459.657299,-592.164754,9030.512492
3726.955914,76.609550,-1554.432478,10658.965565
3726.956229,306.438199,-592.164754,10732.986159
3726.956543,-229.828649,222.061783,10288.862594
3726.956858,-306.438199,888.247130,10140.821405
3726.957172,76.609550,814.226536,9918.759623
3726.957487,766.095498,1036.288319,9474.636058
3726.957802,0.000000,222.061783,8808.450710
3726.958116,-459.657299,-222.061783,8734.430116
3726.958431,-383.047749,-814.226536,9252.574275
3726.958745,-459.657299,-1110.308913,10140.821405
3726.959060,0.000000,-1332.370696,11029.068536
3726.959375,0.000000,-518.144159,10658.965565
3726.959689,-383.047749,222.061783,10436.903782
3726.960004,153.219100,592.164754,9844.739029
3726.960318,842.705048,1406.391290,9400.615463
3726.960633,1302.362347,1184.329507,8512.368333
3726.960947,842.705048,592.164754,7846.182985
3726.961262,689.485948,222.061783,7846.182985
3726.961577,689.485948,-444.123565,9030.512492
3726.961891,536.266849,-814.226536,10214.842000
3726.962206,689.485948,-962.267725,10510.924376
3726.962520,0.000000,-0.000000,9770.718434
3726.962835,-536.266849,370.102971,9918.759623
3726.963149,-689.485948,962.267725,9548.656652
3726.963464,0.000000,370.102971,9918.759623
3726.963779,-612.876398,592.164754,9030.512492
3726.964093,-383.047749,-148.041188,8660.409521
3726.964408,-383.047749,-370.102971,9474.636058
3726.964722,0.000000,-222.061783,10436.903782
3726.965037,536.266849,-0.000000,10732.986159
3726.965351,459.657299,666.185348,10288.862594
3726.965666,76.609550,1184.329507,9992.780217
3726.965980,153.219100,1258.350101,10140.821405
3726.966295,995.924147,1332.370696,8882.471304
3726.966610,766.095498,962.267725,8290.306550
3726.966924,0.000000,666.185348,7994.224174
3726.967239,0.000000,-148.041188,8956.491898
3726.967553,0.000000,-592.164754,9474.636058
3726.967868,153.219100,-1184.329507,10362.883188
3726.968182,0.000000,-740.205942,11029.068536
3726.968497,-459.657299,222.061783,10362.883188
3726.968812,-536.266849,1184.329507,10140.821405
3726.969126,-229.828649,962.267725,9992.780217
3726.969441,0.000000,814.226536,9326.594869
3726.969755,306.438199,370.102971,8734.430116
3726.970070,-306.438199,148.041188,9104.533087
3726.970384,0.000000,-74.020594,10140.821405
3726.970699,306.438199,-518.144159,11029.068536
3726.971014,459.657299,-0.000000,10658.965565
3726.971328,0.000000,592.164754,10732.986159
3726.971643,76.609550,962.267725,10362.883188
3726.971957,306.438199,1036.288319,9474.636058
3726.972272,536.266849,1036.288319,9326.594869
3726.972586,383.047749,370.102971,8438.347739
3726.972901,153.219100,-518.144159,8586.388927
3726.973216,-229.828649,-962.267725,8808.450710
3726.973530,153.219100,-814.226536,9770.718434
3726.973845,229.828649,-1110.308913,10288.862594
3726.974159,76.609550,-592.164754,10658.965565
3726.974474,0.000000,296.082377,9622.677246
3726.974788,0.000000,1406.391290,9918.759623
3726.975103,76.609550,1110.308913,9474.636058
3726.975417,536.266849,1406.391290,8586.388927
3726.975732,76.609550,666.185348,8364.327145
3726.976047,229.828649,-0.000000,9030.512492
3726.976361,153.219100,-518.144159,10066.800811
3726.976676,383.047749,-592.164754,10881.027347
3726.976990,76.609550,-296.082377,10807.006753
3726.977305,0.000000,444.123565,9918.759623
3726.977619,-76.609550,962.267725,10140.821405
3726.977934,153.219100,1036.288319,9474.636058
3726.978249,229.828649,592.164754,8512.368333
3726.978563,76.609550,-0.000000,7624.121203
3726.978878,0.000000,-296.082377,8142.265362
3726.979192,0.000000,-962.267725,8956.491898
3726.979507,153.219100,-1258.350101,10066.800811
3726.979821,0.000000,-888.247130,10436.903782
3726.980136,0.000000,-148.041188,9844.739029
3726.980451,0.000000,592.164754,9548.656652
3726.980765,229.828649,1258.350101,9622.677246
3726.981080,306.438199,1036.288319,9474.636058
3726.981394,76.609550,592.164754,8364.327145
3726.981709,0.000000,-0.000000,8438.347739
3726.982023,-229.828649,-518.144159,9400.615463
3726.982338,0.000000,-962.267725,10584.944971
3726.982652,229.828649,-740.205942,11029.068536
3726.982967,0.000000,-0.000000,10732.986159
3726.983282,-842.705048,518.144159,10140.821405
3726.983596,-612.876398,666.185348,9844.739029
3726.983911,229.828649,740.205942,9844.739029
3726.984225,689.485948,444.123565,9030.512492
3726.984540,306.438199,-0.000000,7994.224174
3726.984854,229.828649,-222.061783,8660.409521
3726.985169,536.266849,-666.185348,9622.677246
3726.985484,689.485948,-888.247130,10584.944971
3726.985798,306.438199,-296.082377,10140.821405
3726.986113,536.266849,222.061783,9252.574275
3726.986427,76.609550,962.267725,9770.718434
3726.986742,76.609550,1184.329507,9844.739029
3726.987056,536.266849,962.267725,9178.553681
3726.987371,76.609550,592.164754,8586.388927
3726.987686,-153.219100,-0.000000,8882.471304
3726.988000,459.657299,-444.123565,9770.718434
3726.988315,459.657299,-814.226536,10584.944971
3726.988629,306.438199,-592.164754,11103.089130
3726.988944,0.000000,222.061783,10214.842000
3726.989258,459.657299,740.205942,9918.759623
3726.989573,383.047749,1258.350101,9548.656652
3726.989887,536.266849,1406.391290,9400.615463
3726.990202,766.095498,592.164754,8808.450710
3726.990517,383.047749,370.102971,8142.265362
3726.990831,536.266849,-962.267725,9178.553681
3726.991146,842.705048,-740.205942,9770.718434
3726.991460,536.266849,-814.226536,10362.883188
3726.991775,153.219100,-370.102971,10214.842000
3726.992089,-459.657299,222.061783,9770.718434
3726.992404,306.438199,1110.308913,9548.656652
3726.992719,0.000000,1110.308913,9400.615463
3726.993033,383.047749,666.185348,9104.533087
3726.993348,0.000000,370.102971,8290.306550
3726.993662,0.000000,-148.041188,8956.491898
3726.993977,306.438199,-814.226536,10288.862594
3726.994291,0.000000,-444.123565,10584.944971
3726.994606,0.000000,-518.144159,10140.821405
3726.994921,-536.266849,370.102971,10436.903782
3726.995235,-306.438199,666.185348,10510.924376
3726.995550,0.000000,518.144159,9622.677246
3726.995864,306.438199,814.226536,9326.594869
3726.996179,229.828649,1184.329507,8512.368333
3726.996493,-842.705048,148.041188,7846.182985
3726.996808,-842.705048,-814.226536,8142.265362
3726.997123,-459.657299,-1036.288319,9474.636058
3726.997437,0.000000,-1406.391290,10732.986159
3726.997752,0.000000,-814.226536,10288.862594
3726.998066,-612.876398,666.185348,9918.759623
3726.998381,-383.047749,962.267725,9104.533087
3726.998695,0.000000,1036.288319,9252.574275
3726.999010,0.000000,370.102971,8882.471304
3726.999324,-306.438199,-148.041188,8882.471304
3726.999639,-153.219100,-444.123565,8956.491898
3726.999954,76.609550,-962.267725,10140.821405
3727.000268,536.266849,-518.144159,10510.924376
3727.000583,229.828649,-0.000000,10584.944971
3727.000897,-459.657299,592.164754,10510.924376
3727.001212,-306.438199,1036.288319,10436.903782
3727.001526,0.000000,1258.350101,10510.924376
3727.001841,306.438199,1110.308913,9400.615463
3727.002156,153.219100,740.205942,8586.388927
3727.002470,229.828649,222.061783,8808.450710
3727.002785,383.047749,-518.144159,9770.718434
3727.003099,536.266849,-1036.288319,10510.924376
3727.003414,689.485948,-296.082377,10584.944971
3727.003728,76.609550,-0.000000,10362.883188
3727.004043,0.000000,740.205942,9474.636058
3727.004358,842.705048,814.226536,9400.615463
3727.004672,995.924147,1036.288319,9400.615463
3727.004987,919.314598,962.267725,8586.388927
3727.005301,153.219100,444.123565,8364.327145
3727.005616,306.438199,444.123565,9178.553681
3727.005930,536.266849,-74.020594,10510.924376
3727.006245,459.657299,-444.123565,10955.047942
3727.006559,229.828649,296.082377,10658.965565
3727.006874,76.609550,666.185348,10658.965565
3727.007189,229.828649,1480.411884,10658.965565
3727.007503,229.828649,1480.411884,9918.759623
3727.007818,612.876398,1332.370696,8882.471304
3727.008132,383.047749,814.226536,8586.388927
3727.008447,383.047749,296.082377,8734.430116
3727.008761,612.876398,-222.061783,9770.718434
3727.009076,459.657299,-666.185348,10584.944971
3727.009391,0.000000,-148.041188,9770.718434
3727.009705,0.000000,888.247130,9622.677246
3727.010020,-306.438199,1036.288319,9918.759623
3727.010334,0.000000,1110.308913,9474.636058
3727.010649,0.000000,740.205942,8808.450710
3727.010963,-153.219100,296.082377,8142.265362
3727.011278,-229.828649,-148.041188,8586.388927
3727.011593,-459.657299,-444.123565,9474.636058
3727.011907,-459.657299,-666.185348,10288.862594
3727.012222,-459.657299,-814.226536,10510.924376
3727.012536,-842.705048,-518.144159,10066.800811
3727.012851,-919.314598,74.020594,10066.800811
3727.013165,-612.876398,370.102971,9548.656652
3727.013480,0.000000,518.144159,9252.574275
3727.013794,0.000000,296.082377,8586.388927
3727.014109,-612.876398,-518.144159,8290.306550
3727.014424,0.000000,-666.185348,9178.553681
3727.014738,229.828649,-1110.308913,9548.656652
3727.015053,306.438199,-1332.370696,10362.883188
3727.015367,459.657299,-814.226536,9844.739029
3727.015682,-153.219100,-222.061783,9844.739029
3727.015996,0.000000,370.102971,9696.697840
3727.016311,306.438199,444.123565,9104.533087
3727.016626,153.219100,370.102971,8438.347739
3727.016940,0.000000,-148.041188,7994.224174
3727.017255,76.609550,-370.102971,8660.409521
3727.017569,229.828649,-1036.288319,9548.656652
3727.017884,536.266849,-1258.350101,10510.924376
3727.018198,459.657299,-518.144159,10881.027347
3727.018513,229.828649,-74.020594,10214.842000
3727.018828,229.828649,222.061783,9844.739029
3727.019142,995.924147,1110.308913,10066.800811
3727.019457,1149.143247,1184.329507,9104.533087
3727.019771,919.314598,518.144159,8438.347739
3727.020086,612.876398,-148.041188,8364.327145
3727.020400,766.095498,-814.226536,8808.450710
3727.020715,612.876398,-1110.308913,10066.800811
3727.021030,383.047749,-888.247130,10436.903782
3727.021344,0.000000,-0.000000,10436.903782
3727.021659,229.828649,222.061783,9696.697840
3727.021973,459.657299,740.205942,9622.677246
3727.022288,842.705048,962.267725,9104.533087
3727.022602,383.047749,148.041188,8586.388927
3727.022917,153.219100,444.123565,8290.306550
3727.023231,0.000000,-0.000000,9474.636058
3727.023546,0.000000,-666.185348,10140.821405
3727.023861,76.609550,-666.185348,10881.027347
3727.024175,-383.047749,-148.041188,10510.924376
3727.024490,-689.485948,592.164754,10658.965565
3727.024804,-229.828649,1332.370696,10436.903782
3727.025119,0.000000,1258.350101,9918.759623
3727.025433,0.000000,814.226536,9400.615463
3727.025748,-229.828649,518.144159,8660.409521
3727.026063,0.000000,-74.020594,8586.388927
3727.026377,306.438199,-148.041188,9474.636058
3727.026692,306.438199,-296.082377,10807.006753
3727.027006,76.609550,-296.082377,10658.965565
3727.027321,-459.657299,518.144159,9992.780217
3727.027635,-306.438199,888.247130,9622.677246
3727.027950,383.047749,740.205942,9474.636058
3727.028265,536.266849,1332.370696,9178.553681
3727.028579,459.657299,962.267725,8882.471304
3727.028894,-306.438199,370.102971,8512.368333
3727.029208,-383.047749,-296.082377,9030.512492
3727.029523,76.609550,-666.185348,10436.903782
3727.029837,76.609550,-370.102971,11177.109724
3727.030152,0.000000,-0.000000,10658.965565
3727.030466,-459.657299,888.247130,10214.842000
3727.030781,-766.095498,1998.556043,10140.821405
3727.031096,0.000000,1702.473667,9178.553681
3727.031410,76.609550,1554.432478,8586.388927
3727.031725,0.000000,888.247130,8068.244768
3727.032039,0.000000,-0.000000,8808.450710
3727.032354,0.000000,-962.267725,9770.718434
3727.032668,0.000000,-518.144159,10140.821405
3727.032983,-459.657299,-370.102971,10288.862594
3727.033298,-536.266849,-0.000000,10066.800811
3727.033612,-459.657299,666.185348,9548.656652
3727.033927,76.609550,592.164754,9548.656652
3727.034241,229.828649,814.226536,8956.491898
3727.034556,76.609550,666.185348,8216.285956
3727.034870,0.000000,370.102971,8216.285956
3727.035185,0.000000,-0.000000,9178.553681
3727.035500,689.485948,-888.247130,10066.800811
3727.035814,612.876398,-592.164754,10584.944971
3727.036129,76.609550,-0.000000,10066.800811
3727.036443,0.000000,518.144159,10214.842000
3727.036758,0.000000,1036.288319,9474.636058
3727.037072,383.047749,1258.350101,9030.512492
3727.037387,536.266849,370.102971,8956.491898
3727.037701,76.609550,-148.041188,9030.512492
3727.038016,306.438199,-1036.288319,9474.636058
3727.038331,766.095498,-1110.308913,10140.821405
3727.038645,919.314598,-1184.329507,10510.924376
3727.038960,536.266849,-222.061783,10066.800811
3727.039274,153.219100,444.123565,9918.759623
3727.039589,459.657299,1036.288319,9770.718434
3727.039903,689.485948,1036.288319,9400.615463
3727.040218,995.924147,1110.308913,8660.409521
3727.040533,459.657299,296.082377,8586.388927
3727.040847,76.609550,-0.000000,9030.512492
3727.041162,229.828649,-666.185348,9992.780217
3727.041476,229.828649,-814.226536,10584.944971
3727.041791,0.000000,-592.164754,11251.130318
3727.042105,-766.095498,370.102971,10732.986159
3727.042420,-612.876398,592.164754,10288.862594
3727.042735,0.000000,592.164754,10214.842000
3727.043049,-229.828649,740.205942,9548.656652
3727.043364,76.609550,222.061783,9030.512492
3727.043678,0.000000,-296.082377,8882.471304
3727.043993,0.000000,-74.020594,9326.594869
3727.044307,76.609550,-888.247130,10214.842000
3727.044622,76.609550,-888.247130,10288.862594
3727.044936,0.000000,-222.061783,9992.780217
3727.045251,-306.438199,666.185348,9696.697840
3727.045566,-306.438199,740.205942,9252.574275
3727.045880,306.438199,222.061783,8660.409521
3727.046195,0.000000,-0.000000,8438.347739
3727.046509,-536.266849,-592.164754,8586.388927
3727.046824,-459.657299,-1332.370696,8956.491898
3727.047138,0.000000,-1480.411884,10066.800811
3727.047453,306.438199,-1776.494261,10214.842000
3727.047768,153.219100,-592.164754,9918.759623
3727.048082,-459.657299,222.061783,9770.718434
3727.048397,0.000000,666.185348,9770.718434
3727.048711,229.828649,888.247130,9400.615463
3727.049026,76.609550,592.164754,8438.347739
3727.049340,306.438199,740.205942,7994.224174
3727.049655,383.047749,-444.123565,8586.388927
3727.049970,306.438199,-1036.288319,9622.677246
3727.050284,229.828649,-1406.391290,10214.842000
3727.050599,229.828649,-518.144159,10214.842000
3727.050913,-689.485948,518.144159,10140.821405
3727.051228,-689.485948,518.144159,10140.821405
3727.051542,-229.828649,1036.288319,9696.697840
3727.051857,0.000000,1036.288319,8882.471304
3727.052172,-536.266849,814.226536,8290.306550
3727.052486,-383.047749,-0.000000,8586.388927
3727.052801,-229.828649,-148.041188,9474.636058
3727.053115,0.000000,-666.185348,10658.965565
3727.053430,-229.828649,-296.082377,11103.089130
3727.053744,0.000000,-0.000000,10066.800811
3727.054059,-459.657299,962.267725,9844.739029
3727.054373,76.609550,1036.288319,10288.862594
3727.054688,153.219100,740.205942,9548.656652
3727.055003,383.047749,888.247130,8512.368333
3727.055317,689.485948,222.061783,8438.347739
3727.055632,383.047749,-444.123565,8734.430116
3727.055946,766.095498,-444.123565,9770.718434
3727.056261,689.485948,-444.123565,10658.965565
3727.056575,0.000000,74.020594,9770.718434
3727.056890,76.609550,592.164754,10436.903782
3727.057205,229.828649,888.247130,9918.759623
3727.057519,306.438199,888.247130,9622.677246
3727.057834,536.266849,962.267725,9326.594869
3727.058148,536.266849,666.185348,8882.471304
3727.058463,459.657299,222.061783,9474.636058
3727.058777,766.095498,-296.082377,9696.697840
3727.059092,842.705048,-592.164754,10881.027347
3727.059407,919.314598,148.041188,10658.965565
3727.059721,689.485948,666.185348,10436.903782
3727.060036,536.266849,1406.391290,9992.780217
3727.060350,536.266849,888.247130,10140.821405
3727.060665,995.924147,962.267725,9178.553681
3727.060979,459.657299,592.164754,8512.368333
3727.061294,306.438199,296.082377,8290.306550
3727.061609,459.657299,-222.061783,9622.677246
3727.061923,306.438199,-518.144159,10140.821405
3727.062238,-76.609550,-814.226536,10955.047942
3727.062552,-459.657299,-370.102971,10510.924376
3727.062867,-1072.533697,296.082377,10288.862594
3727.063181,-383.047749,962.267725,10066.800811
3727.063496,0.000000,1332.370696,9844.739029
3727.063811,0.000000,962.267725,9474.636058
3727.064125,0.000000,666.185348,8586.388927
3727.064440,-229.828649,222.061783,8882.471304
3727.064754,383.047749,-296.082377,9918.759623
3727.065069,383.047749,-518.144159,10362.883188
3727.065384,0.000000,-518.144159,10955.047942
3727.065698,-229.828649,-148.041188,10362.883188
3727.066013,-536.266849,592.164754,9918.759623
3727.066327,0.000000,814.226536,9104.533087
3727.066642,306.438199,740.205942,8142.265362
3727.066956,0.000000,592.164754,8290.306550
3727.067271,153.219100,-0.000000,7846.182985
3727.067586,76.609550,-666.185348,8734.430116
3727.067900,153.219100,-1110.308913,9844.739029
3727.068215,0.000000,-1184.329507,10214.842000
3727.068529,-612.876398,-592.164754,10140.821405
3727.068844,-689.485948,-0.000000,10214.842000
3727.069159,-459.657299,370.102971,9918.759623
3727.069473,-383.047749,592.164754,9400.615463
3727.069788,-306.438199,518.144159,8660.409521
3727.070102,-459.657299,-0.000000,8512.368333
3727.070417,-689.485948,-296.082377,9104.533087
3727.070731,0.000000,-740.205942,10288.862594
3727.071046,229.828649,-1110.308913,10436.903782
3727.071361,-459.657299,-666.185348,10140.821405
3727.071675,-689.485948,-148.041188,8956.491898
3727.071990,-306.438199,444.123565,9696.697840
3727.072304,459.657299,370.102971,9400.615463
3727.072619,919.314598,-296.082377,8660.409521
3727.072934,306.438199,-0.000000,7698.141797
3727.073248,459.657299,-740.205942,8216.285956
3727.073563,536.266849,-1184.329507,9030.512492
3727.073877,612.876398,-1258.350101,10140.821405
3727.074192,229.828649,-1036.288319,11029.068536
3727.074506,0.000000,-518.144159,10288.862594
3727.074821,-229.828649,296.082377,10288.862594
3727.075136,229.828649,1110.308913,9770.718434
3727.075450,459.657299,888.247130,9400.615463
3727.075765,459.657299,296.082377,9474.636058
3727.076079,306.438199,296.082377,9178.553681
3727.076394,76.609550,-370.102971,10362.883188
3727.076709,842.705048,-370.102971,10732.986159
3727.077023,1225.752797,-0.000000,10584.944971
3727.077338,842.705048,740.205942,10066.800811
3727.077652,612.876398,1332.370696,10066.800811
3727.077967,459.657299,1776.494261,9696.697840
3727.078281,612.876398,1480.411884,9030.512492
3727.078596,842.705048,888.247130,8142.265362
3727.078911,536.266849,-444.123565,7920.203579
3727.079225,229.828649,-888.247130,8882.471304
3727.079540,229.828649,-1258.350101,10140.821405
3727.079854,383.047749,-1258.350101,10288.862594
3727.080169,0.000000,-222.061783,10510.924376
3727.080484,-536.266849,666.185348,9918.759623
3727.080798,-229.828649,1332.370696,10066.800811
3727.081113,76.609550,1702.473667,9696.697840
3727.081427,306.438199,962.267725,9178.553681
3727.081742,0.000000,1184.329507,8734.430116
3727.082057,0.000000,888.247130,9326.594869
3727.082371,536.266849,-0.000000,9992.780217
3727.082686,306.438199,-0.000000,10732.986159
3727.083000,612.876398,222.061783,10510.924376
3727.083315,-229.828649,518.144159,10362.883188
3727.083629,-306.438199,740.205942,10288.862594
3727.083944,0.000000,962.267725,10066.800811
3727.084259,0.000000,888.247130,9030.512492
3727.084573,0.000000,370.102971,7624.121203
3727.084888,229.828649,-222.061783,8512.368333
3727.085202,-536.266849,-370.102971,9252.574275
3727.085517,153.219100,-1110.308913,10066.800811
3727.085832,0.000000,-888.247130,10214.842000
3727.086146,-536.266849,-0.000000,9844.739029
3727.086461,-766.095498,1036.288319,10140.821405
3727.086775,-153.219100,1036.288319,9622.677246
3727.087090,0.000000,1110.308913,9474.636058
3727.087404,0.000000,888.247130,8512.368333
3727.087719,-229.828649,518.144159,8364.327145
3727.088034,-383.047749,-148.041188,9104.533087
3727.088348,76.609550,-814.226536,9474.636058
3727.088663,153.219100,-1480.411884,10362.883188
3727.088977,-229.828649,-666.185348,10362.883188
3727.089292,-766.095498,-0.000000,9844.739029
3727.089607,-689.485948,592.164754,9622.677246
3727.089921,0.000000,444.123565,9474.636058
3727.090236,459.657299,148.041188,8512.368333
3727.090550,153.219100,222.061783,7476.080014
3727.090865,229.828649,-74.020594,7698.141797
3727.091179,229.828649,-1036.288319,9178.553681
3727.091494,383.047749,-1110.308913,10066.800811
3727.091809,383.047749,-1036.288319,10066.800811
3727.092123,-383.047749,-0.000000,10066.800811
3727.092438,0.000000,666.185348,9622.677246
3727.092752,612.876398,888.247130,9992.780217
3727.093067,766.095498,592.164754,9400.615463
3727.093382,306.438199,-0.000000,8586.388927
3727.093696,76.609550,-0.000000,8882.471304
3727.094011,383.047749,-148.041188,9474.636058
3727.094325,612.876398,-814.226536,10584.944971
3727.094640,842.705048,-888.247130,11251.130318
3727.094954,612.876398,-740.205942,10584.944971
3727.095269,0.000000,444.123565,10362.883188
3727.095584,229.828649,1036.288319,10066.800811
3727.095898,766.095498,740.205942,9548.656652
3727.096213,995.924147,888.247130,8956.491898
3727.096527,459.657299,148.041188,8660.409521
3727.096842,459.657299,-814.226536,8808.450710
3727.097157,229.828649,-1110.308913,9992.780217
3727.097471,383.047749,-814.226536,10807.006753
3727.097786,76.609550,-592.164754,10288.862594
3727.098100,-383.047749,518.144159,10140.821405
3727.098415,-306.438199,888.247130,9844.739029
3727.098729,0.000000,814.226536,9992.780217
3727.099044,0.000000,296.082377,9474.636058
3727.099359,-459.657299,-0.000000,8808.450710
3727.099673,-689.485948,-222.061783,8882.471304
3727.099988,-536.266849,-444.123565,9992.780217
3727.100302,0.000000,-666.185348,10436.903782
3727.100617,0.000000,-148.041188,10732.986159
3727.100932,76.609550,296.082377,10140.821405
3727.101246,0.000000,592.164754,9622.677246
3727.101561,229.828649,1258.350101,9326.594869
3727.101875,612.876398,814.226536,8956.491898
3727.102190,76.609550,592.164754,8438.347739
3727.102504,0.000000,296.082377,8142.265362
3727.102819,0.000000,-370.102971,8882.471304
3727.103134,383.047749,-888.247130,9918.759623
3727.103448,536.266849,-592.164754,10510.924376
3727.103763,0.000000,-74.020594,10362.883188
3727.104077,0.000000,518.144159,9696.697840
3727.104392,-153.219100,1258.350101,9622.677246
3727.104707,383.047749,962.267725,9104.533087
3727.105021,536.266849,888.247130,8808.450710
3727.105336,-229.828649,518.144159,8364.327145
3727.105650,153.219100,-0.000000,8734.430116
3727.105965,306.438199,-370.102971,9844.739029
3727.106279,383.047749,-444.123565,10510.924376
3727.106594,0.000000,-148.041188,10436.903782
3727.106909,0.000000,1036.288319,10066.800811
3727.107223,-306.438199,888.247130,9992.780217
3727.107538,76.609550,814.226536,9770.718434
3727.107852,995.924147,1184.329507,8660.409521
3727.108167,76.609550,592.164754,8438.347739
3727.108482,0.000000,296.082377,8216.285956
3727.108796,306.438199,-0.000000,9104.533087
3727.109111,459.657299,-666.185348,10140.821405
3727.109425,153.219100,-666.185348,10288.862594
3727.109740,-306.438199,-0.000000,10066.800811
3727.110055,-1608.800546,444.123565,9918.759623
3727.110369,-459.657299,888.247130,9696.697840
3727.110684,-459.657299,814.226536,9696.697840
3727.110998,-153.219100,592.164754,9030.512492
3727.111313,-459.657299,-0.000000,8956.491898
3727.111627,-306.438199,296.082377,9770.718434
3727.111942,383.047749,-518.144159,10140.821405
3727.112257,459.657299,-592.164754,11029.068536
3727.112571,76.609550,-222.061783,10955.047942
3727.112886,0.000000,518.144159,10436.903782
3727.113200,229.828649,1110.308913,9992.780217
3727.113515,536.266849,1258.350101,9178.553681
3727.113830,995.924147,1110.308913,8586.388927
3727.114144,689.485948,296.082377,8586.388927
3727.114459,383.047749,-148.041188,9030.512492
3727.114773,689.485948,-1036.288319,9326.594869
3727.115088,383.047749,-888.247130,9918.759623
3727.115402,306.438199,-962.267725,10214.842000
3727.115717,0.000000,-148.041188,9918.759623
3727.116032,-383.047749,592.164754,9770.718434
3727.116346,0.000000,444.123565,9844.739029
3727.116661,-229.828649,370.102971,9474.636058
3727.116975,-306.438199,296.082377,9030.512492
3727.117290,-689.485948,-0.000000,8882.471304
3727.117605,-229.828649,-148.041188,9622.677246
3727.117919,0.000000,-1258.350101,10436.903782
3727.118234,229.828649,-1036.288319,10658.965565
3727.118548,0.000000,-148.041188,10807.006753
3727.118863,-383.047749,962.267725,9918.759623
3727.119177,536.266849,814.226536,9770.718434
3727.119492,229.828649,962.267725,8882.471304
3727.119807,536.266849,814.226536,8216.285956
3727.120121,459.657299,-0.000000,7476.080014
3727.120436,-229.828649,-444.123565,7994.224174
3727.120750,0.000000,-1184.329507,9400.615463
3727.121065,0.000000,-1776.494261,9992.780217
3727.121380,-536.266849,-814.226536,10288.862594
3727.121694,-689.485948,-74.020594,9918.759623
3727.122009,-383.047749,370.102971,9770.718434
3727.122323,0.000000,370.102971,9400.615463
3727.122638,0.000000,370.102971,8808.450710
3727.122952,0.000000,518.144159,8290.306550
3727.123267,-229.828649,-0.000000,8438.347739
3727.123582,229.828649,-592.164754,9474.636058
3727.123896,1072.533697,-1036.288319,10807.006753
3727.124211,612.876398,-296.082377,10584.944971
3727.124525,383.047749,518.144159,10214.842000
3727.124840,306.438199,1036.288319,9992.780217
3727.125155,459.657299,962.267725,9696.697840
3727.125469,689.485948,962.267725,8808.450710
3727.125784,842.705048,888.247130,8216.285956
3727.126098,76.609550,444.123565,8142.265362
3727.126413,229.828649,-222.061783,9474.636058
3727.126727,306.438199,-1110.308913,10140.821405
3727.127042,306.438199,-1110.308913,10658.965565
3727.127357,-229.828649,-296.082377,10362.883188
3727.127671,-689.485948,592.164754,10510.924376
3727.127986,-153.219100,1258.350101,10362.883188
3727.128300,0.000000,1184.329507,10288.862594
3727.128615,153.219100,962.267725,8956.491898
3727.128930,0.000000,962.267725,8586.388927
3727.129244,0.000000,370.102971,9400.615463
3727.129559,229.828649,-0.000000,10436.903782
3727.129873,383.047749,-222.061783,11103.089130
3727.130188,383.047749,-370.102971,11177.109724
3727.130502,-229.828649,222.061783,10436.903782
3727.130817,0.000000,888.247130,10214.842000
3727.131132,306.438199,1036.288319,9696.697840
3727.131446,536.266849,888.247130,9252.574275
3727.131761,689.485948,666.185348,8068.244768
3727.132075,383.047749,518.144159,7994.224174
3727.132390,383.047749,-148.041188,8882.471304
3727.132705,383.047749,-888.247130,10288.862594
3727.133019,1072.533697,-592.164754,10288.862594
3727.133334,919.314598,-74.020594,10066.800811
3727.133648,229.828649,1036.288319,9918.759623
3727.133963,536.266849,1406.391290,9326.594869
3727.134278,689.485948,1110.308913,8808.450710
3727.134592,842.705048,518.144159,8586.388927
3727.134907,995.924147,296.082377,8068.244768
3727.135221,536.266849,-296.082377,9030.512492
3727.135536,612.876398,-1036.288319,9992.780217
3727.135850,306.438199,-814.226536,10881.027347
3727.136165,-306.438199,-370.102971,10288.862594
3727.136480,-689.485948,444.123565,9696.697840
3727.136794,0.000000,666.185348,10288.862594
3727.137109,229.828649,1036.288319,9696.697840
3727.137423,383.047749,592.164754,8734.430116
3727.137738,76.609550,296.082377,7994.224174
3727.138053,-229.828649,-296.082377,8438.347739
3727.138367,612.876398,-962.267725,9548.656652
3727.138682,229.828649,-814.226536,10510.924376
3727.138996,-306.438199,-888.247130,10584.944971
3727.139311,-536.266849,-0.000000,10066.800811
3727.139625,-612.876398,888.247130,9548.656652
3727.139940,-229.828649,740.205942,10140.821405
3727.140255,0.000000,888.247130,9548.656652
3727.140569,-229.828649,444.123565,8586.388927
3727.140884,-536.266849,148.041188,8216.285956
3727.141198,-383.047749,-444.123565,9548.656652
3727.141513,0.000000,-740.205942,10510.924376
3727.141828,229.828649,-888.247130,10362.883188
3727.142142,-459.657299,-0.000000,10288.862594
3727.142457,-919.314598,296.082377,10510.924376
3727.142771,-536.266849,814.226536,9844.739029
3727.143086,229.828649,814.226536,9474.636058
3727.143400,76.609550,370.102971,9030.512492
3727.143715,-153.219100,518.144159,8438.347739
3727.144030,0.000000,-296.082377,8290.306550
3727.144344,612.876398,-888.247130,9844.739029
3727.144659,995.924147,-1184.329507,10140.821405
3727.144973,0.000000,-444.123565,9548.656652
3727.145288,-536.266849,-0.000000,10288.862594
3727.145603,-306.438199,814.226536,9696.697840
3727.145917,536.266849,296.082377,9548.656652
3727.146232,459.657299,518.144159,8956.491898
3727.146546,0.000000,-0.000000,8808.450710
3727.146861,-459.657299,-148.041188,8438.347739
3727.147175,-383.047749,-888.247130,9474.636058
3727.147490,306.438199,-740.205942,10362.883188
3727.147805,76.609550,-666.185348,11177.109724
3727.148119,0.000000,370.102971,10732.986159
3727.148434,-612.876398,666.185348,10362.883188
3727.148748,0.000000,888.247130,9992.780217
3727.149063,536.266849,888.247130,9696.697840
3727.149378,689.485948,666.185348,8808.450710
3727.149692,459.657299,444.123565,8438.347739
3727.150007,306.438199,-0.000000,8882.471304
3727.150321,919.314598,-666.185348,9622.677246
3727.150636,1072.533697,-518.144159,9992.780217
3727.150950,383.047749,-296.082377,9844.739029
3727.151265,-229.828649,222.061783,9622.677246
3727.151580,76.609550,592.164754,9474.636058
3727.151894,612.876398,962.267725,9252.574275
3727.152209,612.876398,592.164754,8586.388927
3727.152523,306.438199,-0.000000,8068.244768
3727.152838,0.000000,-0.000000,8882.471304
3727.153153,0.000000,-814.226536,9770.718434
3727.153467,612.876398,-592.164754,10955.047942
3727.153782,0.000000,-444.123565,10584.944971
3727.154096,76.609550,592.164754,10288.862594
3727.154411,0.000000,1258.350101,10140.821405
3727.154725,612.876398,1554.432478,9770.718434
3727.155040,383.047749,888.247130,9030.512492
3727.155355,459.657299,1036.288319,8734.430116
3727.155669,153.219100,518.144159,8438.347739
3727.155984,153.219100,-370.102971,9104.533087
3727.156298,76.609550,-740.205942,10066.800811
3727.156613,153.219100,-592.164754,10732.986159
3727.156928,-459.657299,370.102971,10214.842000
3727.157242,-612.876398,740.205942,9918.759623
3727.157557,-76.609550,740.205942,9918.759623
3727.157871,153.219100,740.205942,9400.615463
3727.158186,-153.219100,666.185348,8364.327145
3727.158501,-383.047749,370.102971,8364.327145
3727.158815,-612.876398,-148.041188,10066.800811
3727.159130,0.000000,-222.061783,10584.944971
3727.159444,0.000000,-370.102971,10881.027347
3727.159759,-76.609550,222.061783,10732.986159
3727.160073,-306.438199,962.267725,10510.924376
3727.160388,-153.219100,1332.370696,9992.780217
3727.160703,612.876398,1110.308913,9696.697840
3727.161017,229.828649,888.247130,9326.594869
3727.161332,153.219100,814.226536,8512.368333
3727.161646,153.219100,-0.000000,8882.471304
3727.161961,306.438199,-370.102971,9770.718434
3727.162275,153.219100,-1258.350101,10362.883188
3727.162590,383.047749,-814.226536,10214.842000
3727.162905,0.000000,-444.123565,9992.780217
3727.163219,0.000000,370.102971,9770.718434
3727.163534,612.876398,814.226536,9326.594869
3727.163848,919.314598,666.185348,8660.409521
3727.164163,76.609550,740.205942,8882.471304
3727.164477,0.000000,296.082377,8142.265362
3727.164792,459.657299,-592.164754,9178.553681
3727.165107,383.047749,-814.226536,10510.924376
3727.165421,229.828649,-962.267725,10288.862594
3727.165736,0.000000,-370.102971,10140.821405
3727.166050,-459.657299,370.102971,10140.821405
3727.166365,0.000000,888.247130,10510.924376
3727.166679,766.095498,740.205942,9104.533087
3727.166994,919.314598,-222.061783,8438.347739
3727.167309,536.266849,-0.000000,8068.244768
3727.167623,383.047749,-518.144159,8438.347739
3727.167938,766.095498,-814.226536,9474.636058
3727.168252,766.095498,-1036.288319,10066.800811
3727.168567,459.657299,-962.267725,10658.965565
3727.168881,229.828649,-0.000000,9622.677246
3727.169196,153.219100,518.144159,9326.594869
3727.169511,536.266849,444.123565,9548.656652
3727.169825,306.438199,370.102971,9178.553681
3727.170140,153.219100,-0.000000,8586.388927
3727.170454,-229.828649,-148.041188,8734.430116
3727.170769,0.000000,-962.267725,9696.697840
3727.171083,76.609550,-1110.308913,10658.965565
3727.171398,229.828649,-592.164754,10955.047942
3727.171713,-153.219100,-0.000000,10732.986159
3727.172027,-306.438199,888.247130,10436.903782
3727.172342,229.828649,962.267725,9770.718434
3727.172656,229.828649,1110.308913,9104.533087
3727.172971,383.047749,814.226536,8586.388927
3727.173285,153.219100,222.061783,8512.368333
3727.173600,0.000000,-740.205942,8808.450710
3727.173914,0.000000,-1332.370696,10732.986159
3727.174229,-153.219100,-888.247130,10807.006753
3727.174544,-689.485948,-296.082377,9918.759623
3727.174858,-766.095498,-74.020594,9992.780217
3727.175173,-766.095498,1036.288319,9696.697840
3727.175487,-153.219100,444.123565,9474.636058
3727.175802,0.000000,518.144159,8882.471304
3727.176116,-306.438199,222.061783,8586.388927
3727.176431,76.609550,-0.000000,9178.553681
3727.176746,383.047749,-74.020594,9622.677246
3727.177060,383.047749,-370.102971,10807.006753
3727.177375,0.000000,148.041188,10732.986159
3727.177689,-306.438199,1036.288319,10288.862594
3727.178004,76.609550,1628.453072,9474.636058
3727.178318,536.266849,1554.432478,9104.533087
3727.178633,612.876398,1110.308913,8808.450710
3727.178948,306.438199,740.205942,8438.347739
3727.179262,0.000000,-148.041188,8734.430116
3727.179577,0.000000,-1036.288319,9178.553681
3727.179891,459.657299,-518.144159,10288.862594
3727.180206,229.828649,-370.102971,10510.924376
3727.180520,-459.657299,148.041188,10584.944971
3727.180835,-306.438199,814.226536,10288.862594
3727.181150,0.000000,962.267725,9696.697840
3727.181464,766.095498,1406.391290,9104.533087
3727.181779,306.438199,1110.308913,8438.347739
3727.182093,229.828649,962.267725,8364.327145
3727.182408,229.828649,296.082377,9474.636058
3727.182722,1149.143247,-0.000000,10288.862594
3727.183037,842.705048,-74.020594,10658.965565
3727.183352,229.828649,222.061783,10584.944971
3727.183666,-229.828649,666.185348,10288.862594
3727.183981,0.000000,1110.308913,9696.697840
3727.184295,536.266849,518.144159,9474.636058
3727.184610,306.438199,148.041188,8882.471304
3727.184924,153.219100,-0.000000,8660.409521
3727.185239,-229.828649,-370.102971,8956.491898
3727.185553,0.000000,-888.247130,9400.615463
3727.185868,459.657299,-370.102971,10732.986159
3727.186183,153.219100,-148.041188,10214.842000
3727.186497,0.000000,444.123565,10066.800811
3727.186812,76.609550,814.226536,9696.697840
3727.187126,995.924147,962.267725,9548.656652
3727.187441,1149.143247,1110.308913,8512.368333
3727.187755,689.485948,740.205942,8142.265362
3727.188070,306.438199,-0.000000,8586.388927
3727.188385,229.828649,-444.123565,9696.697840
3727.188699,612.876398,-666.185348,10288.862594
3727.189014,-306.438199,-962.267725,10807.006753
3727.189328,-842.705048,-518.144159,10510.924376
3727.189643,-689.485948,-0.000000,10510.924376
3727.189957,-612.876398,-0.000000,10288.862594
3727.190272,-229.828649,148.041188,9696.697840
3727.190587,-76.609550,-148.041188,9104.533087
3727.190901,-306.438199,-74.020594,8660.409521
3727.191216,0.000000,-370.102971,9622.677246
3727.191530,459.657299,-592.164754,10288.862594
3727.191845,842.705048,-518.144159,10214.842000
3727.192159,919.314598,-0.000000,9992.780217
3727.192474,612.876398,1036.288319,10066.800811
3727.192789,383.047749,1258.350101,9474.636058
3727.193103,842.705048,888.247130,8956.491898
3727.193418,459.657299,370.102971,8586.388927
3727.193732,76.609550,-0.000000,8364.327145
3727.194047,-229.828649,-444.123565,8438.347739
3727.194361,0.000000,-1036.288319,9918.759623
3727.194676,0.000000,-1406.391290,10658.965565
3727.194991,0.000000,-1332.370696,10658.965565
3727.195305,-536.266849,-814.226536,10066.800811
3727.195620,-76.609550,296.082377,10362.883188
3727.195934,0.000000,666.185348,9548.656652
3727.196249,153.219100,888.247130,8586.388927
3727.196563,306.438199,1332.370696,7920.203579
3727.196878,842.705048,370.102971,8216.285956
3727.197192,689.485948,-0.000000,9474.636058
3727.197507,1072.533697,-74.020594,10140.821405
3727.197822,689.485948,-148.041188,10288.862594
3727.198136,153.219100,-0.000000,10510.924376
3727.198451,0.000000,370.102971,10140.821405
3727.198765,76.609550,370.102971,9992.780217
3727.199080,0.000000,296.082377,9622.677246
3727.199394,-153.219100,-74.020594,8438.347739
3727.199709,0.000000,-222.061783,8290.306550
3727.200024,76.609550,-518.144159,9030.512492
3727.200338,306.438199,-740.205942,10066.800811
3727.200653,306.438199,-444.123565,10214.842000
3727.200967,0.000000,148.041188,9770.718434
3727.201282,229.828649,666.185348,10214.842000
3727.201596,612.876398,592.164754,9844.739029
3727.201911,536.266849,962.267725,9918.759623
3727.202226,612.876398,962.267725,8734.430116
3727.202540,0.000000,518.144159,8512.368333
3727.202855,0.000000,296.082377,8734.430116
3727.203169,0.000000,-370.102971,10066.800811
3727.203484,0.000000,-814.226536,10881.027347
3727.203798,-459.657299,-814.226536,10510.924376
3727.204113,-919.314598,-222.061783,10140.821405
3727.204428,-842.705048,370.102971,10066.800811
3727.204742,-459.657299,740.205942,10140.821405
3727.205057,229.828649,444.123565,9474.636058
3727.205371,-229.828649,814.226536,8734.430116
3727.205686,0.000000,444.123565,8512.368333
3727.206000,76.609550,-0.000000,9400.615463
3727.206315,766.095498,-148.041188,10066.800811
3727.206630,766.095498,-0.000000,10807.006753
3727.206944,229.828649,-0.000000,10510.924376
3727.207259,76.609550,1036.288319,9992.780217
3727.207573,0.000000,1332.370696,9992.780217
3727.207888,229.828649,1406.391290,9326.594869
3727.208202,76.609550,1036.288319,8364.327145
3727.208517,-153.219100,296.082377,8364.327145
3727.208831,0.000000,-666.185348,9326.594869
3727.209146,0.000000,-888.247130,9992.780217
3727.209461,0.000000,-1036.288319,10658.965565
3727.209775,-383.047749,-666.185348,10510.924376
3727.210090,-306.438199,296.082377,10214.842000
3727.210404,0.000000,1184.329507,9474.636058
3727.210719,766.095498,1332.370696,9548.656652
3727.211033,995.924147,1480.411884,9030.512492
3727.211348,459.657299,1110.308913,8142.265362
3727.211663,459.657299,666.185348,8068.244768
3727.211977,536.266849,-0.000000,9548.656652
3727.212292,1072.533697,-592.164754,10658.965565
3727.212606,306.438199,-222.061783,10881.027347
3727.212921,-459.657299,296.082377,10436.903782
3727.213235,-689.485948,222.061783,10214.842000
3727.213550,-306.438199,888.247130,9844.739029
3727.213865,383.047749,740.205942,9326.594869
3727.214179,0.000000,148.041188,8956.491898
3727.214494,-229.828649,222.061783,8142.265362
3727.214808,153.219100,-148.041188,8734.430116
3727.215123,612.876398,-518.144159,9548.656652
3727.215437,612.876398,-296.082377,10584.944971
3727.215752,0.000000,-0.000000,10362.883188
3727.216067,-612.876398,222.061783,9844.739029
3727.216381,0.000000,740.205942,9696.697840
3727.216696,229.828649,962.267725,9918.759623
3727.217010,459.657299,740.205942,9178.553681
3727.217325,-536.266849,-148.041188,8882.471304
3727.217639,0.000000,-814.226536,9474.636058
3727.217954,0.000000,-666.185348,10510.924376
3727.218269,612.876398,-518.144159,10362.883188
3727.218583,383.047749,-370.102971,10658.965565
3727.218898,-306.438199,444.123565,9918.759623
3727.219212,0.000000,444.123565,9548.656652
3727.219527,842.705048,592.164754,9474.636058
3727.219841,842.705048,518.144159,8216.285956
3727.220156,306.438199,370.102971,8290.306550
3727.220470,0.000000,-0.000000,7994.224174
3727.220785,0.000000,-740.205942,9178.553681
3727.221100,76.609550,-1036.288319,10510.924376
3727.221414,306.438199,-1184.329507,10510.924376
3727.221729,0.000000,-148.041188,10436.903782
3727.222043,-459.657299,592.164754,10214.842000
3727.222358,0.000000,740.205942,9918.759623
3727.222672,153.219100,962.267725,8956.491898
3727.222987,459.657299,518.144159,8808.450710
3727.223302,383.047749,222.061783,8734.430116
3727.223616,0.000000,-74.020594,9030.512492
3727.223931,536.266849,-444.123565,10288.862594
3727.224245,919.314598,-666.185348,10732.986159
3727.224560,153.219100,-0.000000,10955.047942
3727.224874,-306.438199,444.123565,10214.842000
3727.225189,-153.219100,1110.308913,9918.759623
3727.225504,229.828649,1110.308913,9474.636058
3727.225818,842.705048,518.144159,8068.244768
3727.226133,76.609550,370.102971,7402.059420
3727.226447,0.000000,-370.102971,8364.327145
3727.226762,0.000000,-814.226536,9326.594869
3727.227076,0.000000,-1258.350101,10214.842000
3727.227391,0.000000,-888.247130,10584.944971
3727.227706,-995.924147,-0.000000,11177.109724
3727.228020,-229.828649,814.226536,9992.780217
3727.228335,-153.219100,1036.288319,9622.677246
3727.228649,0.000000,962.267725,9252.574275
3727.228964,0.000000,740.205942,8586.388927
3727.229278,0.000000,222.061783,8734.430116
3727.229593,536.266849,-74.020594,9474.636058
3727.229908,919.314598,-444.123565,10140.821405
3727.230222,229.828649,-740.205942,10436.903782
3727.230537,0.000000,-0.000000,10140.821405
3727.230851,-766.095498,222.061783,10436.903782
3727.231166,-306.438199,518.144159,9844.739029
3727.231480,229.828649,592.164754,9178.553681
3727.231795,229.828649,666.185348,8142.265362
3727.232109,153.219100,-74.020594,8142.265362
3727.232424,459.657299,-592.164754,9030.512492
3727.232739,0.000000,-1332.370696,10066.800811
3727.233053,0.000000,-888.247130,10658.965565
3727.233368,-459.657299,-444.123565,10807.006753
3727.233682,-689.485948,592.164754,10362.883188
3727.233997,-306.438199,1184.329507,10510.924376
3727.234311,0.000000,1110.308913,9548.656652
3727.234626,229.828649,814.226536,9252.574275
3727.234941,153.219100,1184.329507,8660.409521
3727.235255,0.000000,444.123565,8956.491898
3727.235570,229.828649,-0.000000,10288.862594
3727.235884,766.095498,-444.123565,10288.862594
3727.236199,459.657299,-74.020594,10510.924376
3727.236513,0.000000,222.061783,9992.780217
3727.236828,0.000000,666.185348,9622.677246
3727.237143,153.219100,666.185348,9548.656652
3727.237457,153.219100,814.226536,8808.450710
3727.237772,306.438199,444.123565,8364.327145
3727.238086,76.609550,-74.020594,8438.347739
3727.238401,153.219100,-888.247130,9326.594869
3727.238715,536.266849,-814.226536,10362.883188
3727.239030,383.047749,-518.144159,10066.800811
3727.239345,0.000000,74.020594,10288.862594
3727.239659,229.828649,1184.329507,9548.656652
3727.239974,536.266849,1776.494261,9548.656652
3727.240288,1072.533697,1332.370696,9252.574275
3727.240603,689.485948,1332.370696,8586.388927
3727.240917,383.047749,740.205942,8290.306550
3727.241232,229.828649,-74.020594,9178.553681
3727.241547,536.266849,-888.247130,10140.821405
3727.241861,0.000000,-1702.473667,11029.068536
3727.242176,0.000000,-592.164754,10436.903782
3727.242490,-459.657299,444.123565,10066.800811
3727.242805,76.609550,740.205942,10066.800811
3727.243119,76.609550,666.185348,9696.697840
3727.243434,612.876398,888.247130,8512.368333
3727.243748,229.828649,296.082377,8142.265362
3727.244063,459.657299,296.082377,7846.182985
3727.244378,536.266849,-222.061783,9474.636058
3727.244692,1532.190996,-444.123565,10362.883188
3727.245007,689.485948,-74.020594,10584.944971
3727.245321,0.000000,-0.000000,10732.986159
3727.245636,-536.266849,740.205942,10362.883188
3727.245950,0.000000,1332.370696,9992.780217
3727.246265,229.828649,1184.329507,9918.759623
3727.246580,0.000000,888.247130,8956.491898
3727.246894,-689.485948,592.164754,8660.409521
3727.247209,-229.828649,-592.164754,9622.677246
3727.247523,0.000000,-1332.370696,10362.883188
3727.247838,0.000000,-1110.308913,10510.924376
3727.248152,153.219100,148.041188,9992.780217
3727.248467,-766.095498,-0.000000,9696.697840
3727.248782,-612.876398,518.144159,9178.553681
3727.249096,0.000000,296.082377,9474.636058
3727.249411,-306.438199,-296.082377,8364.327145
3727.249725,153.219100,-148.041188,8216.285956
3727.250040,76.609550,-518.144159,8438.347739
3727.250354,153.219100,-666.185348,9474.636058
3727.250669,536.266849,-1036.288319,10214.842000
3727.250984,0.000000,-1332.370696,10140.821405
3727.251298,-306.438199,-222.061783,10066.800811
3727.251613,-153.219100,-74.020594,9918.759623
3727.251927,0.000000,-0.000000,9622.677246
3727.252242,536.266849,814.226536,8956.491898
3727.252556,0.000000,370.102971,8586.388927
3727.252871,0.000000,-370.102971,9030.512492
3727.253186,229.828649,-814.226536,9844.739029
3727.253500,766.095498,-814.226536,10658.965565
3727.253815,612.876398,-444.123565,10510.924376
3727.254129,383.047749,814.226536,10658.965565
3727.254444,306.438199,1480.411884,9992.780217
3727.254758,612.876398,1554.432478,9918.759623
3727.255073,995.924147,962.267725,9992.780217
3727.255388,1072.533697,814.226536,8512.368333
3727.255702,536.266849,888.247130,8290.306550
3727.256017,919.314598,370.102971,8956.491898
3727.256331,919.314598,-888.247130,10066.800811
3727.256646,536.266849,-888.247130,10732.986159
3727.256960,383.047749,-444.123565,10658.965565
3727.257275,0.000000,296.082377,10807.006753
3727.257589,229.828649,814.226536,9696.697840
3727.257904,459.657299,1036.288319,9326.594869
3727.258219,459.657299,1110.308913,8364.327145
3727.258533,153.219100,444.123565,8660.409521
3727.258848,0.000000,-148.041188,9104.533087
3727.259162,0.000000,-592.164754,10288.862594
3727.259477,536.266849,-444.123565,10658.965565
3727.259791,0.000000,222.061783,10732.986159
3727.260106,-306.438199,1332.370696,10732.986159
3727.260421,-383.047749,1628.453072,10362.883188
3727.260735,0.000000,1850.514855,9918.759623
3727.261050,842.705048,1406.391290,9474.636058
3727.261364,459.657299,666.185348,7624.121203
3727.261679,306.438199,1036.288319,8364.327145
3727.261993,153.219100,444.123565,9178.553681
3727.262308,76.609550,-518.144159,10214.842000
3727.262623,76.609550,-666.185348,10584.944971
3727.262937,-459.657299,-296.082377,9918.759623
3727.263252,-689.485948,148.041188,9770.718434
3727.263566,-459.657299,1258.350101,9474.636058
3727.263881,0.000000,888.247130,9400.615463
3727.264196,306.438199,666.185348,8808.450710
3727.264510,0.000000,666.185348,8586.388927
3727.264825,-229.828649,-518.144159,9400.615463
3727.265139,0.000000,-592.164754,9474.636058
3727.265454,459.657299,-74.020594,9992.780217
3727.265768,229.828649,222.061783,10288.862594
3727.266083,-383.047749,814.226536,10066.800811
3727.266398,-153.219100,1332.370696,10214.842000
3727.266712,76.609550,1480.411884,9548.656652
3727.267027,459.657299,592.164754,8660.409521
3727.267341,536.266849,222.061783,8142.265362
3727.267656,459.657299,-740.205942,8660.409521
3727.267971,306.438199,-1332.370696,9548.656652
3727.268285,153.219100,-1258.350101,10288.862594
3727.268600,76.609550,-592.164754,9918.759623
3727.268914,153.219100,-74.020594,9844.739029
3727.269229,0.000000,592.164754,9696.697840
3727.269543,153.219100,518.144159,9622.677246
3727.269858,306.438199,370.102971,8734.430116
3727.270173,153.219100,-74.020594,8216.285956
3727.270487,0.000000,-296.082377,8438.347739
3727.270802,-76.609550,-592.164754,9326.594869
3727.271116,76.609550,-1036.288319,10658.965565
3727.271431,306.438199,-888.247130,10955.047942
3727.271746,-306.438199,-0.000000,10362.883188
3727.272060,-842.705048,444.123565,9844.739029
3727.272375,153.219100,1036.288319,10288.862594
3727.272689,612.876398,592.164754,9992.780217
3727.273004,612.876398,370.102971,8808.450710
3727.273319,612.876398,-0.000000,8364.327145
3727.273633,766.095498,-444.123565,8808.450710
3727.273948,536.266849,-1406.391290,9770.718434
3727.274262,842.705048,-666.185348,9992.780217
3727.274577,76.609550,-444.123565,9992.780217
3727.274891,-306.438199,-0.000000,10140.821405
3727.275206,0.000000,444.123565,10066.800811
3727.275521,383.047749,148.041188,9992.780217
3727.275835,459.657299,222.061783,9400.615463
3727.276150,0.000000,-296.082377,8956.491898
3727.276464,-229.828649,-0.000000,8882.471304
3727.276779,383.047749,-666.185348,10214.842000
3727.277094,229.828649,-592.164754,11177.109724
3727.277408,0.000000,-296.082377,10881.027347
3727.277723,-459.657299,444.123565,10510.924376
3727.278037,-229.828649,814.226536,10362.883188
3727.278352,-229.828649,962.267725,10362.883188
3727.278666,306.438199,814.226536,9474.636058
3727.278981,0.000000,444.123565,8512.368333
3727.279296,-229.828649,222.061783,8660.409521
3727.279610,612.876398,-222.061783,8956.491898
3727.279925,459.657299,-518.144159,9844.739029
3727.280239,153.219100,-370.102971,10066.800811
3727.280554,-459.657299,-0.000000,9696.697840
3727.280869,-689.485948,666.185348,9696.697840
3727.281183,-306.438199,888.247130,9474.636058
3727.281498,-383.047749,888.247130,9918.759623
3727.281812,0.000000,370.102971,8808.450710
3727.282127,-383.047749,222.061783,8438.347739
3727.282442,-229.828649,222.061783,9104.533087
3727.282756,229.828649,-518.144159,10140.821405
3727.283071,919.314598,-814.226536,10807.006753
3727.283385,153.219100,74.020594,10140.821405
3727.283700,0.000000,888.247130,10436.903782
3727.284014,229.828649,1628.453072,9104.533087
3727.284329,842.705048,1554.432478,8956.491898
3727.284644,536.266849,1406.391290,9030.512492
3727.284958,689.485948,592.164754,7994.224174
3727.285273,153.219100,-0.000000,8290.306550
3727.285587,0.000000,-740.205942,9474.636058
3727.285902,459.657299,-592.164754,10658.965565
3727.286217,383.047749,-666.185348,10732.986159
3727.286531,-459.657299,74.020594,10288.862594
3727.286846,-459.657299,962.267725,10288.862594
3727.287160,76.609550,1184.329507,9474.636058
3727.287475,536.266849,814.226536,9104.533087
3727.287790,612.876398,1258.350101,8734.430116
3727.288104,383.047749,888.247130,8586.388927
3727.288419,383.047749,-0.000000,9030.512492
3727.288733,459.657299,-296.082377,10436.903782
3727.289048,383.047749,-888.247130,10732.986159
3727.289362,-229.828649,-0.000000,10658.965565
3727.289677,-919.314598,962.267725,10881.027347
3727.289992,-536.266849,814.226536,10510.924376
3727.290306,-383.047749,444.123565,9918.759623
3727.290621,-306.438199,666.185348,9474.636058
3727.290935,-153.219100,-0.000000,8586.388927
3727.291250,0.000000,-296.082377,9326.594869
3727.291565,306.438199,-444.123565,9770.718434
3727.291879,689.485948,-814.226536,10288.862594
3727.292194,459.657299,-518.144159,10140.821405
3727.292508,76.609550,-0.000000,10066.800811
3727.292823,0.000000,444.123565,9400.615463
3727.293137,229.828649,740.205942,9474.636058
3727.293452,766.095498,444.123565,8956.491898
3727.293767,306.438199,-0.000000,8734.430116
3727.294081,-306.438199,-518.144159,8438.347739
3727.294396,0.000000,-814.226536,9696.697840
3727.294710,0.000000,-1110.308913,10140.821405
3727.295025,-306.438199,-888.247130,9992.780217
3727.295340,-536.266849,-0.000000,10436.903782
3727.295654,-536.266849,296.082377,10362.883188
3727.295969,153.219100,444.123565,9696.697840
3727.296283,76.609550,666.185348,8808.450710
3727.296598,153.219100,444.123565,8808.450710
3727.296913,0.000000,370.102971,8660.409521
3727.297227,0.000000,-444.123565,9252.574275
3727.297542,153.219100,-1110.308913,9844.739029
3727.297856,306.438199,-1480.411884,10214.842000
3727.298171,153.219100,-666.185348,9696.697840
3727.298485,153.219100,222.061783,9474.636058
3727.298800,0.000000,666.185348,9474.636058
3727.299115,0.000000,666.185348,9326.594869
3727.299429,306.438199,148.041188,8290.306550
3727.299744,0.000000,-0.000000,8216.285956
3727.300058,76.609550,-444.123565,8512.368333
3727.300373,0.000000,-1036.288319,9696.697840
3727.300688,0.000000,-1036.288319,10510.924376
3727.301002,459.657299,-814.226536,10658.965565
3727.301317,-842.705048,-0.000000,10732.986159
3727.301631,-383.047749,370.102971,10436.903782
3727.301946,0.000000,740.205942,9992.780217
3727.302260,459.657299,1036.288319,9104.533087
3727.302575,383.047749,370.102971,8216.285956
3727.302890,383.047749,370.102971,7920.203579
3727.303204,689.485948,-296.082377,9104.533087
3727.303519,766.095498,-592.164754,9622.677246
3727.303833,536.266849,-814.226536,9770.718434
3727.304148,383.047749,-222.061783,10436.903782
3727.304463,-306.438199,296.082377,10066.800811
3727.304777,76.609550,518.144159,9622.677246
3727.305092,459.657299,592.164754,9548.656652
3727.305406,383.047749,222.061783,8808.450710
3727.305721,153.219100,370.102971,8512.368333
3727.306036,153.219100,-0.000000,8734.430116
3727.306350,612.876398,-962.267725,10288.862594
3727.306665,612.876398,-666.185348,10881.027347
3727.306979,229.828649,-0.000000,10288.862594
3727.307294,0.000000,1332.370696,10066.800811
3727.307608,612.876398,1480.411884,10436.903782
3727.307923,766.095498,1702.473667,9548.656652
3727.308238,766.095498,1332.370696,8808.450710
3727.308552,842.705048,518.144159,8734.430116
3727.308867,306.438199,666.185348,9178.553681
3727.309181,153.219100,-222.061783,9918.759623
3727.309496,383.047749,-518.144159,10732.986159
3727.309811,153.219100,-222.061783,10807.006753
3727.310125,-383.047749,296.082377,10436.903782
3727.310440,-229.828649,1184.329507,9918.759623
3727.310754,229.828649,1480.411884,9844.739029
3727.311069,536.266849,1258.350101,9474.636058
3727.311384,459.657299,888.247130,8808.450710
3727.311698,536.266849,740.205942,8586.388927
3727.312013,689.485948,-0.000000,9400.615463
3727.312327,612.876398,-518.144159,10584.944971
3727.312642,153.219100,-74.020594,10955.047942
3727.312956,0.000000,444.123565,10288.862594
3727.313271,-306.438199,1036.288319,10066.800811
3727.313586,0.000000,1406.391290,10066.800811
3727.313900,0.000000,1184.329507,9844.739029
3727.314215,76.609550,1258.350101,9104.533087
3727.314529,-229.828649,370.102971,8068.244768
3727.314844,-306.438199,-222.061783,9030.512492
3727.315159,153.219100,-888.247130,10066.800811
3727.315473,153.219100,-592.164754,10732.986159
3727.315788,0.000000,-296.082377,10584.944971
3727.316102,-383.047749,370.102971,10140.821405
3727.316417,0.000000,962.267725,9992.780217
3727.316731,153.219100,666.185348,9178.553681
3727.317046,459.657299,740.205942,8438.347739
3727.317361,306.438199,296.082377,8364.327145
3727.317675,76.609550,74.020594,8142.265362
3727.317990,459.657299,-370.102971,9252.574275
3727.318304,153.219100,-222.061783,9992.780217
3727.318619,0.000000,-814.226536,10510.924376
3727.318934,-459.657299,-148.041188,9992.780217
3727.319248,-766.095498,370.102971,9992.780217
3727.319563,-842.705048,148.041188,10214.842000
3727.319877,-459.657299,370.102971,9770.718434
3727.320192,0.000000,222.061783,8956.491898
3727.320507,-536.266849,-74.020594,8512.368333
3727.320821,0.000000,-444.123565,9178.553681
3727.321136,229.828649,-592.164754,9918.759623
3727.321450,383.047749,-666.185348,10436.903782
3727.321765,153.219100,-518.144159,10140.821405
3727.322079,0.000000,296.082377,9696.697840
3727.322394,76.609550,962.267725,9400.615463
3727.322709,229.828649,518.144159,9696.697840
3727.323023,459.657299,222.061783,8734.430116
3727.323338,306.438199,-0.000000,8290.306550
3727.323652,0.000000,-592.164754,8808.450710
3727.323967,459.657299,-962.267725,9474.636058
3727.324282,536.266849,-1332.370696,10066.800811
3727.324596,0.000000,-740.205942,10214.842000
3727.324911,-229.828649,-592.164754,11029.068536
3727.325225,-459.657299,-0.000000,10288.862594
3727.325540,153.219100,222.061783,9918.759623
3727.325854,459.657299,888.247130,8882.471304
3727.326169,689.485948,296.082377,8586.388927
3727.326484,536.266849,-0.000000,8512.368333
3727.326798,689.485948,-296.082377,9400.615463
3727.327113,842.705048,-666.185348,10066.800811
3727.327427,842.705048,-518.144159,10140.821405
3727.327742,76.609550,-0.000000,9992.780217
3727.328057,-229.828649,666.185348,9770.718434
3727.328371,0.000000,592.164754,9474.636058
3727.328686,153.219100,148.041188,8808.450710
3727.329000,76.609550,222.061783,8512.368333
3727.329315,0.000000,222.061783,8512.368333
3727.329630,-459.657299,-444.123565,9104.533087
3727.329944,-229.828649,-962.267725,9770.718434
3727.330259,0.000000,-1184.329507,10140.821405
3727.330573,0.000000,-518.144159,10584.944971
3727.330888,-306.438199,740.205942,10288.862594
3727.331202,0.000000,1036.288319,9844.739029
3727.331517,153.219100,1036.288319,9474.636058
3727.331832,459.657299,1110.308913,9178.553681
3727.332146,76.609550,370.102971,8734.430116
3727.332461,0.000000,222.061783,9252.574275
3727.332775,229.828649,-74.020594,10140.821405
3727.333090,229.828649,-296.082377,10362.883188
3727.333405,229.828649,-888.247130,10658.965565
3727.333719,-536.266849,296.082377,10955.047942
3727.334034,-536.266849,888.247130,10066.800811
3727.334348,0.000000,740.205942,9844.739029
3727.334663,0.000000,1110.308913,9252.574275
3727.334978,306.438199,1110.308913,8660.409521
3727.335292,153.219100,666.185348,8956.491898
3727.335607,153.219100,296.082377,9252.574275
3727.335921,153.219100,-0.000000,10362.883188
3727.336236,306.438199,-148.041188,10584.944971
3727.336550,-383.047749,370.102971,10140.821405
3727.336865,-229.828649,1110.308913,10658.965565
3727.337180,0.000000,1184.329507,10288.862594
3727.337494,153.219100,962.267725,9770.718434
3727.337809,383.047749,740.205942,8808.450710
3727.338123,459.657299,370.102971,8660.409521
3727.338438,459.657299,222.061783,9474.636058
3727.338753,306.438199,-0.000000,9770.718434
3727.339067,766.095498,-370.102971,10362.883188
3727.339382,612.876398,-0.000000,10066.800811
3727.339696,842.705048,962.267725,9992.780217
3727.340011,306.438199,1332.370696,9918.759623
3727.340325,766.095498,1628.453072,9548.656652
3727.340640,1302.362347,962.267725,8882.471304
3727.340955,1149.143247,740.205942,8290.306550
3727.341269,1072.533697,444.123565,8734.430116
3727.341584,1072.533697,-74.020594,9696.697840
3727.341898,1225.752797,-148.041188,10584.944971
3727.342213,919.314598,-0.000000,10658.965565
3727.342528,536.266849,518.144159,10214.842000
3727.342842,459.657299,1110.308913,9696.697840
3727.343157,229.828649,1110.308913,9548.656652
3727.343471,536.266849,888.247130,9770.718434
3727.343786,306.438199,518.144159,8586.388927
3727.344101,153.219100,148.041188,8142.265362
3727.344415,306.438199,-370.102971,9326.594869
3727.344730,153.219100,-888.247130,9696.697840
3727.345044,0.000000,-740.205942,10066.800811
3727.345359,-383.047749,-370.102971,9992.780217
3727.345673,-383.047749,-74.020594,9696.697840
3727.345988,-306.438199,518.144159,9992.780217
3727.346303,-459.657299,-0.000000,8882.471304
3727.346617,0.000000,-0.000000,7994.224174
3727.346932,-459.657299,-296.082377,8364.327145
3727.347246,-689.485948,-518.144159,8438.347739
3727.347561,0.000000,-1110.308913,9400.615463
3727.347876,0.000000,-1258.350101,10584.944971
3727.348190,-229.828649,-740.205942,10066.800811
3727.348505,-536.266849,-296.082377,10288.862594
3727.348819,-1455.581446,1258.350101,9548.656652
3727.349134,-689.485948,-74.020594,9844.739029
3727.349448,76.609550,370.102971,9252.574275
3727.349763,-306.438199,296.082377,8216.285956
3727.350078,-229.828649,-592.164754,8438.347739
3727.350392,0.000000,-1184.329507,9326.594869
3727.350707,-459.657299,-888.247130,10510.924376
3727.351021,-306.438199,-1184.329507,10584.944971
3727.351336,-612.876398,-0.000000,10436.903782
3727.351651,-842.705048,296.082377,9844.739029
3727.351965,-536.266849,296.082377,9474.636058
3727.352280,-383.047749,-0.000000,10066.800811
3727.352594,0.000000,370.102971,8734.430116
3727.352909,-153.219100,-74.020594,8808.450710
3727.353224,306.438199,-0.000000,8586.388927
3727.353538,842.705048,-1110.308913,10066.800811
3727.353853,766.095498,-666.185348,10510.924376
3727.354167,-306.438199,-74.020594,10658.965565
3727.354482,-306.438199,148.041188,10436.903782
3727.354796,-229.828649,-0.000000,10214.842000
3727.355111,536.266849,444.123565,9474.636058
3727.355426,536.266849,592.164754,9104.533087
3727.355740,153.219100,148.041188,8586.388927
3727.356055,229.828649,-74.020594,8734.430116
3727.356369,689.485948,-518.144159,9696.697840
3727.356684,536.266849,-888.247130,10436.903782
3727.356999,766.095498,-296.082377,10214.842000
3727.357313,0.000000,-0.000000,9992.780217
3727.357628,0.000000,740.205942,9474.636058
3727.357942,306.438199,888.247130,9918.759623
3727.358257,229.828649,740.205942,8660.409521
3727.358572,689.485948,444.123565,8586.388927
3727.358886,459.657299,444.123565,8290.306550
3727.359201,459.657299,-74.020594,9178.553681
3727.359515,689.485948,-592.164754,10140.821405
3727.359830,766.095498,-296.082377,10732.986159
3727.360144,536.266849,-0.000000,10288.862594
3727.360459,0.000000,740.205942,10288.862594
3727.360774,153.219100,1406.391290,9622.677246
3727.361088,766.095498,1332.370696,9474.636058
3727.361403,1072.533697,1258.350101,8734.430116
3727.361717,842.705048,888.247130,8290.306550
3727.362032,306.438199,-0.000000,8660.409521
3727.362347,612.876398,-444.123565,9696.697840
3727.362661,536.266849,-518.144159,10436.903782
3727.362976,153.219100,-444.123565,10214.842000
3727.363290,-536.266849,592.164754,10362.883188
3727.363605,0.000000,962.267725,9918.759623
3727.363920,536.266849,1332.370696,10066.800811
3727.364234,-153.219100,1184.329507,8734.430116
3727.364549,0.000000,888.247130,8586.388927
3727.364863,0.000000,296.082377,9400.615463
3727.365178,0.000000,148.041188,9844.739029
3727.365493,459.657299,-0.000000,10362.883188
3727.365807,0.000000,-0.000000,11029.068536
3727.366122,-383.047749,592.164754,10584.944971
3727.366436,-689.485948,962.267725,10288.862594
3727.366751,-383.047749,1110.308913,9918.759623
3727.367066,76.609550,740.205942,9326.594869
3727.367380,0.000000,518.144159,8364.327145
3727.367695,-229.828649,518.144159,8734.430116
3727.368009,0.000000,-0.000000,9252.574275
3727.368324,76.609550,-592.164754,9770.718434
3727.368639,0.000000,-666.185348,10584.944971
3727.368953,-229.828649,-0.000000,9844.739029
3727.369268,-383.047749,740.205942,9992.780217
3727.369582,0.000000,1258.350101,9918.759623
3727.369897,0.000000,1406.391290,9474.636058
3727.370212,76.609550,962.267725,9030.512492
3727.370526,0.000000,444.123565,8956.491898
3727.370841,0.000000,-222.061783,9178.553681
3727.371155,536.266849,-592.164754,10288.862594
3727.371470,995.924147,-1110.308913,10881.027347
3727.371785,536.266849,-222.061783,10658.965565
3727.372099,153.219100,444.123565,10362.883188
3727.372414,229.828649,1036.288319,9992.780217
3727.372728,536.266849,1036.288319,9326.594869
3727.373043,1225.752797,814.226536,8808.450710
3727.373358,995.924147,222.061783,8364.327145
3727.373672,689.485948,-74.020594,8290.306550
3727.373987,689.485948,-962.267725,9400.615463
3727.374302,76.609550,-1036.288319,10214.842000
3727.374616,383.047749,-814.226536,10288.862594
3727.374931,0.000000,-222.061783,10214.842000
3727.375245,-76.609550,370.102971,10362.883188
3727.375560,-153.219100,296.082377,10288.862594
3727.375875,76.609550,-0.000000,9622.677246
3727.376189,229.828649,-0.000000,8808.450710
3727.376504,153.219100,-148.041188,8808.450710
3727.376818,76.609550,-592.164754,9326.594869
3727.377133,306.438199,-962.267725,9992.780217
3727.377448,919.314598,-814.226536,10362.883188
3727.377762,-229.828649,-592.164754,10214.842000
3727.378077,0.000000,222.061783,9844.739029
3727.378391,153.219100,518.144159,9252.574275
3727.378706,0.000000,222.061783,9548.656652
3727.379021,76.609550,-74.020594,8956.491898
3727.379335,306.438199,-222.061783,8142.265362
3727.379650,-153.219100,-592.164754,8290.306550
3727.379964,0.000000,-1406.391290,9474.636058
3727.380279,0.000000,-1110.308913,10066.800811
3727.380594,-153.219100,-1332.370696,9696.697840
3727.380908,-766.095498,-592.164754,9992.780217
3727.381223,-459.657299,592.164754,9770.718434
3727.381537,0.000000,518.144159,9326.594869
3727.381852,-306.438199,296.082377,9178.553681
3727.382167,-153.219100,222.061783,8734.430116
3727.382481,153.219100,-74.020594,9030.512492
3727.382796,0.000000,-222.061783,9474.636058
3727.383110,383.047749,-444.123565,10140.821405
3727.383425,153.219100,-74.020594,9992.780217
3727.383740,-612.876398,222.061783,9770.718434
3727.384054,0.000000,666.185348,9622.677246
3727.384369,-383.047749,296.082377,10288.862594
3727.384683,0.000000,666.185348,9696.697840
3727.384998,-459.657299,370.102971,8734.430116
3727.385313,-229.828649,-0.000000,8364.327145
3727.385627,229.828649,-518.144159,9252.574275
3727.385942,76.609550,-740.205942,10140.821405
3727.386256,383.047749,-888.247130,10288.862594
3727.386571,0.000000,370.102971,10436.903782
3727.386886,0.000000,1554.432478,9844.739029
3727.387200,76.609550,1554.432478,9474.636058
3727.387515,229.828649,1702.473667,9400.615463
3727.387830,459.657299,1258.350101,8956.491898
3727.388144,229.828649,370.102971,8290.306550
3727.388459,383.047749,-0.000000,8734.430116
3727.388773,306.438199,-518.144159,9696.697840
3727.389088,459.657299,-518.144159,11103.089130
3727.389403,229.828649,-0.000000,10955.047942
3727.389717,-536.266849,1036.288319,10436.903782
3727.390032,-229.828649,1110.308913,10584.944971
3727.390346,306.438199,1258.350101,9474.636058
3727.390661,612.876398,888.247130,9548.656652
3727.390976,536.266849,888.247130,8660.409521
3727.391290,689.485948,296.082377,8586.388927
3727.391605,919.314598,-74.020594,9326.594869
3727.391919,1762.019645,-148.041188,10436.903782
3727.392234,689.485948,-0.000000,10362.883188
3727.392549,306.438199,740.205942,10362.883188
3727.392863,76.609550,1036.288319,9992.780217
3727.393178,536.266849,1554.432478,9548.656652
3727.393492,229.828649,1258.350101,9474.636058
3727.393807,536.266849,592.164754,9030.512492
3727.394122,0.000000,222.061783,9474.636058
3727.394436,0.000000,-296.082377,9844.739029
3727.394751,-383.047749,-592.164754,10140.821405
3727.395065,229.828649,-518.144159,10955.047942
3727.395380,0.000000,-74.020594,11251.130318
3727.395695,0.000000,592.164754,10510.924376
3727.396009,0.000000,888.247130,9918.759623
3727.396324,229.828649,592.164754,9622.677246
3727.396638,459.657299,444.123565,8660.409521
3727.396953,459.657299,296.082377,8364.327145
3727.397268,766.095498,-0.000000,8216.285956
3727.397582,995.924147,-148.041188,9400.615463
3727.397897,1072.533697,-814.226536,9770.718434
3727.398211,842.705048,-370.102971,9844.739029
3727.398526,383.047749,222.061783,9400.615463
3727.398841,-229.828649,370.102971,9548.656652
3727.399155,0.000000,518.144159,9474.636058
3727.399470,-229.828649,74.020594,9474.636058
3727.399785,0.000000,-148.041188,9030.512492
3727.400099,0.000000,-222.061783,8586.388927
3727.400414,0.000000,-814.226536,9178.553681
3727.400728,76.609550,-1110.308913,10362.883188
3727.401043,76.609550,-592.164754,10658.965565
3727.401358,0.000000,-296.082377,10584.944971
3727.401672,-153.219100,222.061783,10066.800811
3727.401987,383.047749,814.226536,9696.697840
3727.402301,536.266849,518.144159,8808.450710
3727.402616,689.485948,592.164754,8512.368333
3727.402931,919.314598,-0.000000,8142.265362
3727.403245,612.876398,-592.164754,8068.244768
3727.403560,383.047749,-1110.308913,8808.450710
3727.403874,229.828649,-1702.473667,9844.739029
3727.404189,-229.828649,-1554.432478,10732.986159
3727.404504,-842.705048,-0.000000,9992.780217
3727.404818,-1225.752797,-0.000000,10140.821405
3727.405133,-995.924147,-0.000000,9844.739029
3727.405447,-689.485948,-0.000000,9252.574275
3727.405762,-229.828649,296.082377,8512.368333
3727.406077,-306.438199,-296.082377,8808.450710
3727.406391,0.000000,-296.082377,9844.739029
3727.406706,229.828649,-592.164754,10288.862594
3727.407020,0.000000,-0.000000,10214.842000
3727.407335,-383.047749,592.164754,10510.924376
3727.407650,-536.266849,1036.288319,10214.842000
3727.407964,-536.266849,1036.288319,9696.697840
3727.408279,306.438199,740.205942,9474.636058
3727.408593,229.828649,370.102971,8808.450710
3727.408908,383.047749,-0.000000,8438.347739
3727.409223,-229.828649,-518.144159,8882.471304
3727.409537,-306.438199,-518.144159,9918.759623
3727.409852,383.047749,-666.185348,10066.800811
3727.410166,76.609550,-0.000000,9992.780217
3727.410481,-383.047749,592.164754,9844.739029
3727.410796,0.000000,962.267725,9622.677246
3727.411110,383.047749,1110.308913,9400.615463
3727.411425,459.657299,888.247130,8734.430116
3727.411739,306.438199,370.102971,8882.471304
3727.412054,153.219100,-518.144159,9030.512492
3727.412369,459.657299,-518.144159,10436.903782
3727.412683,459.657299,-296.082377,10881.027347
3727.412998,-76.609550,-0.000000,10881.027347
3727.413313,-306.438199,740.205942,10288.862594
3727.413627,0.000000,592.164754,10214.842000
3727.413942,306.438199,1110.308913,9696.697840
3727.414256,919.314598,740.205942,8808.450710
3727.414571,689.485948,518.144159,8142.265362
3727.414886,536.266849,222.061783,8216.285956
3727.415200,689.485948,-222.061783,9474.636058
3727.415515,919.314598,-444.123565,9992.780217
3727.415829,919.314598,-592.164754,10214.842000
3727.416144,306.438199,370.102971,9992.780217
3727.416459,229.828649,962.267725,10214.842000
3727.416773,229.828649,1110.308913,9844.739029
3727.417088,153.219100,962.267725,9770.718434
3727.417402,153.219100,592.164754,9104.533087
3727.417717,0.000000,444.123565,8882.471304
3727.418032,0.000000,-222.061783,9400.615463
3727.418346,153.219100,-0.000000,10288.862594
3727.418661,76.609550,-222.061783,11029.068536
3727.418975,153.219100,296.082377,10807.006753
3727.419290,0.000000,962.267725,10288.862594
3727.419605,-306.438199,1110.308913,9992.780217
3727.419919,459.657299,1184.329507,9844.739029
3727.420234,383.047749,888.247130,8882.471304
3727.420548,229.828649,592.164754,8068.244768
3727.420863,612.876398,-0.000000,8068.244768
3727.421178,612.876398,-666.185348,9400.615463
3727.421492,995.924147,-518.144159,9622.677246
3727.421807,383.047749,-148.041188,9770.718434
3727.422121,-536.266849,-0.000000,9696.697840
3727.422436,-766.095498,666.185348,9622.677246
3727.422751,-459.657299,370.102971,9474.636058
3727.423065,-306.438199,296.082377,9326.594869
3727.423380,-612.876398,-74.020594,9030.512492
3727.423694,-459.657299,-222.061783,9178.553681
3727.424009,0.000000,-0.000000,9770.718434
3727.424324,-229.828649,-148.041188,9770.718434
3727.424638,76.609550,-74.020594,10584.944971
3727.424953,-383.047749,296.082377,10584.944971
3727.425268,-459.657299,666.185348,9770.718434
3727.425582,153.219100,962.267725,9918.759623
3727.425897,383.047749,740.205942,9622.677246
3727.426211,383.047749,518.144159,8882.471304
3727.426526,0.000000,-74.020594,8216.285956
3727.426841,153.219100,-370.102971,8660.409521
3727.427155,229.828649,-962.267725,10510.924376
3727.427470,383.047749,-1184.329507,10732.986159
3727.427784,229.828649,-740.205942,10214.842000
3727.428099,-229.828649,-74.020594,10288.862594
3727.428414,-459.657299,222.061783,9844.739029
3727.428728,459.657299,518.144159,9474.636058
3727.429043,919.314598,592.164754,8882.471304
3727.429357,459.657299,-0.000000,8734.430116
3727.429672,766.095498,-0.000000,8660.409521
3727.429987,689.485948,-592.164754,9696.697840
3727.430301,995.924147,-518.144159,10436.903782
3727.430616,689.485948,-370.102971,10584.944971
3727.430930,-153.219100,-74.020594,10510.924376
3727.431245,-229.828649,370.102971,10214.842000
3727.431560,153.219100,518.144159,9918.759623
3727.431874,76.609550,444.123565,9474.636058
3727.432189,229.828649,370.102971,8808.450710
3727.432503,229.828649,-0.000000,8586.388927
3727.432818,0.000000,-888.247130,8882.471304
3727.433133,689.485948,-1406.391290,9622.677246
3727.433447,842.705048,-666.185348,9992.780217
3727.433762,306.438199,-222.061783,9918.759623
3727.434076,-153.219100,814.226536,9474.636058
3727.434391,0.000000,962.267725,9474.636058
3727.434706,306.438199,518.144159,9474.636058
3727.435020,536.266849,444.123565,8512.368333
3727.435335,153.219100,222.061783,8068.244768
3727.435649,76.609550,-222.061783,8808.450710
3727.435964,153.219100,-444.123565,9770.718434
3727.436279,306.438199,-592.164754,10436.903782
3727.436593,0.000000,-74.020594,10288.862594
3727.436908,-612.876398,518.144159,10214.842000
3727.437222,-766.095498,888.247130,9992.780217
3727.437537,-306.438199,962.267725,9474.636058
3727.437852,306.438199,592.164754,8882.471304
3727.438166,153.219100,-74.020594,8956.491898
3727.438481,-306.438199,-74.020594,9104.533087
3727.438796,-153.219100,-444.123565,9474.636058
3727.439110,-229.828649,-1110.308913,10214.842000
3727.439425,306.438199,-296.082377,10214.842000
3727.439739,-153.219100,592.164754,10214.842000
3727.440054,-383.047749,814.226536,9770.718434
3727.440369,-229.828649,592.164754,9548.656652
3727.440683,153.219100,1110.308913,9178.553681
3727.440998,0.000000,740.205942,8660.409521
3727.441312,0.000000,444.123565,8734.430116
3727.441627,-229.828649,-222.061783,9400.615463
3727.441942,0.000000,-370.102971,10066.800811
3727.442256,-229.828649,-222.061783,11103.089130
3727.442571,-612.876398,-0.000000,10658.965565
3727.442885,-842.705048,962.267725,10584.944971
3727.443200,-612.876398,1184.329507,10288.862594
3727.443515,76.609550,1110.308913,9696.697840
3727.443829,76.609550,740.205942,8956.491898
3727.444144,0.000000,814.226536,8586.388927
3727.444458,229.828649,222.061783,8956.491898
3727.444773,612.876398,-444.123565,9770.718434
3727.445088,919.314598,-74.020594,10066.800811
3727.445402,995.924147,-222.061783,10436.903782
3727.445717,383.047749,814.226536,9992.780217
3727.446031,229.828649,1332.370696,9696.697840
3727.446346,383.047749,814.226536,9326.594869
3727.446661,459.657299,740.205942,8586.388927
3727.446975,1072.533697,444.123565,8068.244768
3727.447290,536.266849,592.164754,8660.409521
3727.447604,459.657299,-592.164754,9178.553681
3727.447919,995.924147,-814.226536,10436.903782
3727.448234,766.095498,-370.102971,10732.986159
3727.448548,153.219100,-0.000000,10362.883188
3727.448863,0.000000,592.164754,10510.924376
3727.449177,306.438199,740.205942,10658.965565
3727.449492,536.266849,888.247130,9696.697840
3727.449807,536.266849,888.247130,8956.491898
3727.450121,306.438199,592.164754,8882.471304
3727.450436,536.266849,-0.000000,9030.512492
3727.450751,689.485948,-148.041188,9918.759623
3727.451065,919.314598,-370.102971,9992.780217
3727.451380,689.485948,-1036.288319,10214.842000
3727.451694,0.000000,296.082377,9844.739029
3727.452009,-306.438199,370.102971,9696.697840
3727.452324,0.000000,296.082377,9400.615463
3727.452638,-229.828649,-0.000000,8956.491898
3727.452953,-306.438199,-0.000000,8216.285956
3727.453267,-459.657299,-222.061783,8438.347739
3727.453582,-229.828649,-1184.329507,10214.842000
3727.453897,0.000000,-962.267725,10288.862594
3727.454211,-689.485948,-888.247130,10436.903782
3727.454526,-1149.143247,-0.000000,10807.006753
3727.454840,-689.485948,814.226536,10362.883188
3727.455155,0.000000,1036.288319,9992.780217
3727.455470,459.657299,444.123565,9474.636058
3727.455784,459.657299,592.164754,8734.430116
3727.456099,76.609550,-0.000000,8068.244768
3727.456413,0.000000,-0.000000,8734.430116
3727.456728,919.314598,-518.144159,10436.903782
3727.457043,306.438199,-1036.288319,9844.739029
3727.457357,0.000000,-740.205942,9474.636058
3727.457672,-612.876398,-0.000000,9770.718434
3727.457986,-612.876398,-0.000000,9622.677246
3727.458301,-306.438199,-0.000000,9178.553681
3727.458616,229.828649,-74.020594,9030.512492
3727.458930,-153.219100,-222.061783,8512.368333
3727.459245,0.000000,-370.102971,9030.512492
3727.459559,383.047749,-740.205942,9844.739029
3727.459874,689.485948,-666.185348,10436.903782
3727.460189,383.047749,-0.000000,10584.944971
3727.460503,-229.828649,814.226536,10436.903782
3727.460818,-536.266849,1406.391290,9844.739029
3727.461132,383.047749,1332.370696,9474.636058
3727.461447,689.485948,814.226536,9104.533087
3727.461762,459.657299,-0.000000,8660.409521
3727.462076,459.657299,-370.102971,8882.471304
3727.462391,459.657299,-962.267725,9400.615463
3727.462705,612.876398,-444.123565,10362.883188
3727.463020,76.609550,-962.267725,10436.903782
3727.463335,-459.657299,-148.041188,10288.862594
3727.463649,-459.657299,370.102971,10214.842000
3727.463964,-459.657299,222.061783,10066.800811
3727.464279,536.266849,444.123565,9326.594869
3727.464593,383.047749,592.164754,8512.368333
3727.464908,459.657299,592.164754,7994.224174
3727.465223,459.657299,-74.020594,8882.471304
3727.465537,306.438199,-74.020594,9992.780217
3727.465852,919.314598,-148.041188,10436.903782
3727.466167,459.657299,296.082377,10288.862594
3727.466481,0.000000,814.226536,10362.883188
3727.466796,0.000000,1036.288319,9696.697840
3727.467110,459.657299,814.226536,9548.656652
3727.467425,536.266849,592.164754,9178.553681
3727.467740,0.000000,-74.020594,8956.491898
3727.468054,76.609550,-148.041188,8734.430116
3727.468369,306.438199,-296.082377,9696.697840
3727.468684,76.609550,-592.164754,10288.862594
3727.468998,76.609550,-148.041188,10584.944971
3727.469313,-612.876398,888.247130,10436.903782
3727.469628,-229.828649,740.205942,9844.739029
3727.469942,153.219100,888.247130,9474.636058
3727.470257,766.095498,814.226536,8956.491898
3727.470572,0.000000,518.144159,8660.409521
3727.470886,-229.828649,370.102971,9178.553681
3727.471201,-383.047749,-518.144159,9696.697840
3727.471516,0.000000,-518.144159,10362.883188
3727.471830,-229.828649,-148.041188,10807.006753
3727.472145,-689.485948,296.082377,10658.965565
3727.472460,-995.924147,740.205942,10584.944971
3727.472774,-689.485948,740.205942,9548.656652
3727.473089,0.000000,814.226536,9252.574275
3727.473404,-306.438199,666.185348,9326.594869
3727.473718,-229.828649,666.185348,8808.450710
3727.474033,76.609550,-148.041188,8882.471304
3727.474348,153.219100,-370.102971,9918.759623
3727.474662,0.000000,-740.205942,10288.862594
3727.474977,76.609550,-296.082377,10362.883188
3727.475291,-383.047749,888.247130,10436.903782
3727.475606,-383.047749,1110.308913,9918.759623
3727.475921,-229.828649,740.205942,9326.594869
3727.476235,76.609550,740.205942,8438.347739
3727.476550,0.000000,222.061783,8660.409521
3727.476865,0.000000,-74.020594,9030.512492
3727.477179,459.657299,-518.144159,9622.677246
3727.477494,766.095498,-370.102971,9992.780217
3727.477809,459.657299,-148.041188,10362.883188
3727.478123,383.047749,740.205942,10362.883188
3727.478438,0.000000,444.123565,9474.636058
3727.478753,76.609550,814.226536,9474.636058
3727.479067,612.876398,592.164754,8882.471304
3727.479382,1072.533697,888.247130,8586.388927
3727.479697,612.876398,370.102971,8512.368333
3727.480011,459.657299,-370.102971,9326.594869
3727.480326,612.876398,-888.247130,9918.759623
3727.480641,229.828649,-814.226536,10584.944971
3727.480955,0.000000,-74.020594,11103.089130
3727.481270,-459.657299,518.144159,10362.883188
3727.481585,0.000000,814.226536,9844.739029
3727.481899,766.095498,666.185348,9326.594869
3727.482214,612.876398,-0.000000,8586.388927
3727.482528,153.219100,370.102971,8586.388927
3727.482843,459.657299,-74.020594,9178.553681
3727.483158,766.095498,-666.185348,9918.759623
3727.483472,842.705048,-222.061783,10066.800811
3727.483787,459.657299,222.061783,10288.862594
3727.484102,0.000000,666.185348,10510.924376
3727.484416,0.000000,888.247130,10140.821405
3727.484731,229.828649,592.164754,9844.739029
3727.485046,0.000000,370.102971,9326.594869
3727.485360,0.000000,-0.000000,8586.388927
3727.485675,-229.828649,-814.226536,8660.409521
3727.485990,306.438199,-1036.288319,9474.636058
3727.486304,76.609550,-1036.288319,10510.924376
3727.486619,0.000000,-666.185348,10362.883188
3727.486934,0.000000,-222.061783,10140.821405
3727.487248,-612.876398,888.247130,9548.656652
3727.487563,0.000000,296.082377,9400.615463
3727.487878,612.876398,888.247130,9400.615463
3727.488192,306.438199,444.123565,8512.368333
3727.488507,383.047749,-0.000000,8882.471304
3727.488822,306.438199,-74.020594,9104.533087
3727.489136,459.657299,-592.164754,9770.718434
3727.489451,0.000000,-74.020594,10584.944971
3727.489766,0.000000,-148.041188,10362.883188
3727.490080,-766.095498,518.144159,10140.821405
3727.490395,-766.095498,518.144159,9696.697840
3727.490709,-306.438199,148.041188,9696.697840
3727.491024,0.000000,222.061783,9104.533087
3727.491339,0.000000,-0.000000,8882.471304
3727.491653,0.000000,-148.041188,9326.594869
3727.491968,0.000000,-296.082377,10288.862594
3727.492283,306.438199,-518.144159,10436.903782
3727.492597,0.000000,-0.000000,10140.821405
3727.492912,-229.828649,814.226536,9992.780217
3727.493227,-306.438199,814.226536,9770.718434
3727.493541,153.219100,518.144159,9844.739029
3727.493856,0.000000,444.123565,8734.430116
3727.494171,0.000000,-148.041188,8734.430116
3727.494485,383.047749,-0.000000,8882.471304
3727.494800,76.609550,-444.123565,9548.656652
3727.495115,-153.219100,-222.061783,10214.842000
3727.495429,153.219100,-518.144159,10658.965565
3727.495744,-383.047749,-0.000000,9844.739029
3727.496059,-459.657299,-0.000000,9844.739029
3727.496373,-153.219100,444.123565,9918.759623
3727.496688,0.000000,888.247130,8882.471304
3727.497003,0.000000,370.102971,8586.388927
3727.497317,153.219100,-0.000000,8586.388927
3727.497632,0.000000,-148.041188,9178.553681
3727.497946,459.657299,-592.164754,9918.759623
3727.498261,612.876398,-592.164754,10140.821405
3727.498576,229.828649,-0.000000,10732.986159
3727.498890,76.609550,518.144159,9770.718434
3727.499205,153.219100,370.102971,9474.636058
3727.499520,536.266849,814.226536,9770.718434
3727.499834,612.876398,296.082377,8512.368333
3727.500149,153.219100,518.144159,8142.265362
3727.500464,306.438199,-0.000000,8586.388927
3727.500778,536.266849,-666.185348,9696.697840
3727.501093,766.095498,-592.164754,10066.800811
3727.501408,306.438199,-0.000000,10658.965565
3727.501722,0.000000,518.144159,10140.821405
3727.502037,-153.219100,1036.288319,9918.759623
3727.502352,76.609550,740.205942,9474.636058
3727.502666,842.705048,370.102971,8956.491898
3727.502981,842.705048,592.164754,8660.409521
3727.503296,383.047749,370.102971,8216.285956
3727.503610,153.219100,-148.041188,9178.553681
3727.503925,383.047749,-518.144159,10362.883188
3727.504240,0.000000,-148.041188,10955.047942
3727.504554,-306.438199,296.082377,10140.821405
3727.504869,-459.657299,962.267725,10066.800811
3727.505184,-459.657299,666.185348,10140.821405
3727.505498,76.609550,444.123565,9178.553681
3727.505813,0.000000,592.164754,9030.512492
3727.506127,229.828649,74.020594,8882.471304
3727.506442,153.219100,-370.102971,9252.574275
3727.506757,0.000000,-444.123565,9992.780217
3727.507071,0.000000,-518.144159,10510.924376
3727.507386,76.609550,222.061783,10807.006753
3727.507701,-383.047749,518.144159,9992.780217
3727.508015,-229.828649,444.123565,9770.718434
3727.508330,-76.609550,592.164754,9770.718434
3727.508645,306.438199,148.041188,8956.491898
3727.508959,306.438199,444.123565,7698.141797
3727.509274,-689.485948,-148.041188,8734.430116
3727.509589,229.828649,-0.000000,9400.615463
3727.509903,306.438199,-592.164754,10140.821405
3727.510218,-306.438199,-1036.288319,9918.759623
3727.510533,-766.095498,-962.267725,10510.924376
3727.510847,-766.095498,-592.164754,9548.656652
3727.511162,0.000000,-148.041188,9474.636058
3727.511477,153.219100,370.102971,8956.491898
3727.511791,383.047749,-222.061783,9178.553681
3727.512106,919.314598,814.226536,9030.512492
3727.512421,1072.533697,-0.000000,9474.636058
3727.512735,1762.019645,-0.000000,9770.718434
3727.513050,2298.286494,-74.020594,9548.656652
3727.513364,2528.115143,222.061783,9622.677246
3727.513679,2451.505594,1258.350101,9400.615463
3727.513994,2221.676944,1776.494261,9104.533087
3727.514308,1685.410096,1332.370696,8290.306550
3727.514623,2757.943793,962.267725,8660.409521
3727.514938,2374.896044,814.226536,9104.533087
3727.515252,1838.629195,962.267725,8586.388927
3727.515567,1685.410096,592.164754,9474.636058
3727.515882,1685.410096,1110.308913,10362.883188
3727.516196,2145.067394,1036.288319,10732.986159
3727.516511,1378.971896,1554.432478,11325.150913
3727.516826,1608.800546,2368.659014,11251.130318
3727.517140,1915.238745,3034.844362,10362.883188
3727.517455,2451.505594,3627.009116,9474.636058
3727.517770,2834.553343,3627.009116,8882.471304
3727.518084,3217.601092,3256.906145,8882.471304
3727.518399,3140.991542,3330.926739,9252.574275
3727.518714,2911.162892,2368.659014,9104.533087
3727.519028,2528.115143,1702.473667,10066.800811
3727.519343,2451.505594,1850.514855,11029.068536
3727.519658,1991.848295,2072.576638,11547.212695
3727.519972,1608.800546,2738.761985,11399.171507
3727.520287,1762.019645,3182.885551,11103.089130
3727.520602,1991.848295,3849.070898,10214.842000
3727.520916,3064.381992,3997.112087,9548.656652
3727.521231,3600.648841,4663.297435,8956.491898
3727.521545,3907.087040,4663.297435,8290.306550
3727.521860,3677.258390,4219.173869,8586.388927
3727.522175,3447.429741,3478.967927,8808.450710
3727.522489,2757.943793,3404.947333,9770.718434
3727.522804,2221.676944,2590.720797,10881.027347
3727.523119,1302.362347,2516.700203,11399.171507
3727.523433,229.828649,2664.741391,11473.192101
3727.523748,0.000000,2590.720797,11473.192101
3727.524063,0.000000,2516.700203,12065.356855
3727.524377,459.657299,2960.823768,11251.130318
3727.524692,1455.581446,3256.906145,10288.862594
3727.525007,2145.067394,3849.070898,9178.553681
3727.525321,2987.772442,4293.194464,8364.327145
3727.525636,3294.210641,3923.091493,7772.162391
3727.525951,3140.991542,4219.173869,7476.080014
3727.526265,2681.334243,3478.967927,7920.203579
3727.526580,1991.848295,2590.720797,8734.430116
3727.526895,1072.533697,1776.494261,9622.677246
3727.527209,306.438199,962.267725,11251.130318
3727.527524,-383.047749,1036.288319,11325.150913
3727.527839,-536.266849,814.226536,11769.274478
3727.528153,76.609550,1480.411884,11177.109724
3727.528468,919.314598,2146.597232,9918.759623
3727.528782,2221.676944,2960.823768,8142.265362
3727.529097,3140.991542,3627.009116,7772.162391
3727.529412,3753.867940,4219.173869,7105.977043
3727.529726,3983.696590,3478.967927,6809.894666
3727.530041,3907.087040,2886.803174,7254.018232
3727.530356,3677.258390,1850.514855,8512.368333
3727.530670,2681.334243,1258.350101,9622.677246
3727.530985,1532.190996,888.247130,10140.821405
3727.531300,689.485948,740.205942,10658.965565
3727.531614,689.485948,962.267725,10807.006753
3727.531929,689.485948,962.267725,10732.986159
3727.532244,919.314598,1110.308913,9918.759623
3727.532558,1608.800546,1184.329507,9400.615463
3727.532873,2451.505594,1628.453072,8660.409521
3727.533188,3600.648841,1628.453072,8586.388927
3727.533502,4136.915689,2072.576638,8808.450710
3727.533817,4519.963438,1776.494261,9326.594869
3727.534132,4213.525239,1998.556043,9918.759623
3727.534446,3600.648841,2146.597232,10362.883188
3727.534761,3370.820191,2368.659014,10881.027347
3727.535076,2681.334243,2220.617826,10955.047942
3727.535390,2834.553343,2442.679609,10140.821405
3727.535705,2528.115143,1776.494261,9622.677246
3727.536020,2451.505594,1628.453072,8808.450710
3727.536334,2987.772442,1702.473667,8660.409521
3727.536649,2145.067394,1184.329507,8956.491898
3727.536963,2298.286494,518.144159,9770.718434
3727.537278,2068.457845,370.102971,9918.759623
3727.537593,1762.019645,370.102971,10140.821405
3727.537907,1302.362347,296.082377,11251.130318
3727.538222,919.314598,518.144159,11769.274478
3727.538537,1378.971896,1332.370696,11769.274478
3727.538851,1685.410096,2220.617826,11103.089130
3727.539166,2298.286494,2886.803174,9770.718434
3727.539481,2757.943793,3182.885551,8660.409521
3727.539795,3140.991542,3775.050304,8290.306550
3727.540110,3524.039291,3701.029710,7772.162391
3727.540425,3217.601092,2960.823768,7624.121203
3727.540739,2528.115143,2442.679609,7994.224174
3727.541054,2451.505594,1406.391290,9030.512492
3727.541369,536.266849,592.164754,10140.821405
3727.541683,76.609550,-74.020594,10955.047942
3727.541998,-842.705048,-148.041188,11399.171507
3727.542313,-995.924147,370.102971,11399.171507
3727.542627,-842.705048,888.247130,11103.089130
3727.542942,-612.876398,2146.597232,10362.883188
3727.543257,306.438199,2664.741391,9326.594869
3727.543571,1532.190996,3701.029710,8216.285956
3727.543886,2221.676944,3701.029710,7994.224174
3727.544200,2451.505594,3775.050304,7920.203579
3727.544515,2528.115143,3627.009116,8216.285956
